0,0,-15.4191,-23.0229,15.7501,5.75069
0,1,-17.7987,3.95764,-12.1518,-3.99633
0,2,-6.35431,-10.4013,-6.30121,-9.86157
0,3,-27.0983,-18.7683,4.84171,-3.83836
0,4,-28.9154,-21.4849,9.49348,-2.57659
0,5,30.8907,-29.1401,-6.58208,1.0268
0,6,40,-19.1776,0.740861,0.229133
0,7,28.2746,-1.01192,8.70605,-9.27061
0,8,-23.4211,25.2358,8.37246,11.7232
0,9,-40,-25.1039,-2.99896,3.0328
0,10,21.6638,33.5686,-7.96918,10.3743
0,11,-21.3425,-34.3733,9.04053,-4.7106
0,12,11.4607,-1.8562,-12.8757,-5.22499
0,13,-20.539,6.10835,4.22124,-9.17333
0,14,-21.5896,-35.471,1.33814,-5.33679
0,15,-4.56871,4.85635,14.9437,1.60574
0,16,31.6253,-32.4941,2.64776,4.96954
0,17,12.884,-4.93471,-13.3567,-13.0226
0,18,14.0127,-14.6425,-7.59399,-8.42314
0,19,38.1227,40,-1.51008,0.873326
0,20,27.022,-17.6433,-1.47689,4.88271
0,21,2.62369,-27.572,-9.71451,-8.70108
0,22,40,-38.326,11.651,-1.24108
0,23,-36.3488,-32.0965,-13.1403,-9.2931
0,24,12.4368,27.4143,-6.30042,-5.76053
0,25,15.1315,2.32245,8.75372,-10.0937
0,26,-9.48342,15.3635,3.94001,-16
0,27,-9.55277,-8.13942,-15.75,7.04217
0,28,25.1775,-31.147,-14.7176,2.30139
0,29,-20.7958,0.159595,-13.3399,5.86094
0,30,-17.8934,-17.8334,16.0968,15.6406
0,31,-27.4379,-18.481,9.28887,8.78326
0,32,8.50076,40,0.254879,0.324861
0,33,-24.525,4.90317,-8.91306,12.9551
0,34,-16.3513,10.3565,2.76479,11.6658
0,35,-21.0155,14.1965,-2.00791,-11.1961
0,36,-14.6591,32.8388,17.1724,6.88768
0,37,13.4858,40,-9.96808,2.80266
0,38,-1.46279,15.9126,-17.4937,4.2852
0,39,3.8423,0.4857,-3.58165,17.9844
0,40,-2.17361,40,5.5111,5.53315
0,41,-32.3774,11.1337,-8.74123,9.54626
0,42,-27.0578,5.59649,10.8828,-4.31855
0,43,-7.30927,32.9476,-1.96715,-6.69796
0,44,12.6995,-13.2123,6.12274,0.243225
0,45,-19.326,7.95047,-11.8365,17.2186
0,46,-40,31.5981,-1.48251,5.86712
0,47,35.0765,40,4.52337,5.45032
0,48,-12.2442,-18.9952,-12.8957,9.73558
0,49,12.6231,20.3566,-1.33117,15.3215
0,50,5.28173,-24.5187,12.6156,-1.8427
0,51,5.16734,-5.93812,-10.8574,9.19852
0,52,34.8054,32.2388,-5.19465,-5.08007
0,53,-36.0876,18.5944,-4.73962,3.71258
0,54,-27.0192,14.5537,7.12553,5.68495
0,55,38.013,12.231,0.0867622,15.0748
0,56,32.0585,32.2905,-3.40024,13.7118
0,57,6.36581,-20.2832,3.20951,1.69038
0,58,-18.6446,8.05498,5.06303,10.79
0,59,-40,-11.9205,0,-0
0,60,19.8552,16.4381,0.0178951,4.47463
0,61,-16.8546,-7.8611,3.73061,6.92788
0,62,-5.60448,-14.168,-6.13867,9.77259
0,63,-26.8061,-3.75629,-6.68163,3.08575
0,64,15.9672,-19.536,9.71259,4.32335
0,65,9.07396,-40,-0,0
0,66,7.51458,-2.42479,-5.00058,16.7106
0,67,3.95277,-28.9018,-3.81394,1.13382
0,68,6.88284,20.0526,1.76647,-4.65852
0,69,32.8065,37.9439,-5.06095,-2.05608
0,70,-5.73496,24.3109,-9.53707,12.6124
0,71,-11.4661,-15.3018,2.41572,-7.09043
0,72,40,-7.56965,8.27786,13.9914
0,73,-25.15,-10.7989,-6.95535,-1.07276
0,74,9.18439,37.8737,5.48071,2.77849
0,75,-14.8516,-14.3968,6.55263,1.40367
0,76,-11.82,2.00792,-10.8622,-9.16844
0,77,-40,5.54747,0,0
0,78,21.4175,-40,-4.9427,-1.38279
0,79,0.89055,15.1042,-11.2684,-6.84424
0,80,-9.00167,-10.4029,10.9564,10.548
0,81,-35.9714,-20.1813,3.57587,0.913473
0,82,-32.3502,34.3659,-3.65728,-2.26012
0,83,-1.9533,29.7904,-4.54496,1.69336
0,84,15.2739,40,0,0
0,85,20.8847,1.42989,7.49989,-3.3695
0,86,9.46621,12.2416,16.1641,0.191061
0,87,-15.5363,19.819,-9.11688,-7.47596
0,88,-26.455,-16.2371,-6.14923,2.54478
0,89,-0.260034,24.2364,11.0699,8.54711
0,90,32.546,40,0,0
0,91,-12.0692,-10.4966,-0.172038,15.8597
0,92,-21.1923,1.60143,9.14088,11.2301
0,93,31.465,37.0611,-0.878307,-2.93892
0,94,-26.4238,-12.9013,3.68999,-10.0898
0,95,5.22384,40,-6.80042,5.13157
0,96,-15.3864,19.2138,10.6255,3.33279
0,97,16.7102,28.9307,-2.12869,-0.334519
0,98,-39.8749,-20.1851,0.125138,-0.765218
0,99,19.4322,10.3535,14.1196,20.1815
1,0,-0.875802,-14.1118,14.5433,8.91112
1,1,-26.6276,1.07282,-8.82895,-2.88482
1,2,-8.91442,-13.8921,-2.56012,-3.49081
1,3,-22.677,-21.3286,4.42124,-2.56031
1,4,-19.1308,-21.4428,9.78459,0.0421549
1,5,22.2828,-22.6527,-8.60788,6.48745
1,6,40,-19.1776,0,0
1,7,32.8322,-6.92629,4.55764,-5.91437
1,8,-14.5085,33.0382,8.91253,7.80238
1,9,-36.2236,-17.7188,3.77643,7.38513
1,10,16.3074,40,-5.35638,6.43141
1,11,-9.48798,-30.34,11.8546,4.03327
1,12,0.99832,-5.58177,-10.4624,-3.72557
1,13,-13.9841,0.170059,6.55485,-5.93829
1,14,-15.0291,-29.88,6.56059,5.59095
1,15,8.94672,7.21862,13.5154,2.36227
1,16,31.6462,-25.0829,0.0209744,7.41112
1,17,1.30934,-12.2027,-11.5746,-7.26799
1,18,7.39722,-18.5439,-6.61545,-3.90132
1,19,31.753,36.2136,-6.36973,-3.78643
1,20,22.4656,-8.82297,-4.55646,8.82033
1,21,-5.03097,-33.2871,-7.65466,-5.71513
1,22,40,-38.326,0,0
1,23,-39.2142,-31.9759,-2.86534,0.120615
1,24,6.22714,19.9113,-6.20968,-7.50297
1,25,20.9257,-4.35865,5.79415,-6.6811
1,26,-4.28422,2.18308,5.1992,-13.1804
1,27,-20.1486,0.0803591,-10.5959,8.21978
1,28,13.2184,-26.9918,-11.9592,4.15526
1,29,-26.5765,7.05452,-5.78071,6.89492
1,30,-1.14769,-0.32124,16.7457,17.5122
1,31,-13.514,-5.52192,13.924,12.9591
1,32,8.47873,37.3854,-0.0220299,-2.61461
1,33,-26.8003,16.2408,-2.27527,11.3376
1,34,-11.3103,19.9161,5.04103,9.55963
1,35,-20.4905,5.96973,0.525008,-8.22675
1,36,2.52363,33.9842,17.1827,1.14531
1,37,13.4858,40,-0,0
1,38,-14.9374,19.1088,-13.4746,3.19613
1,39,1.47903,14.8269,-2.36327,14.3412
1,40,-2.17361,40,0,0
1,41,-31.7543,19.0227,0.623177,7.88904
1,42,-12.8572,3.26231,14.2006,-2.33418
1,43,-6.57284,24.475,0.736436,-8.4726
1,44,16.4195,-8.24124,3.71999,4.97106
1,45,-23.9769,21.1566,-4.65093,13.2061
1,46,-39.8794,35.7514,0.120598,4.15328
1,47,35.0765,40,0,0
1,48,-19.5944,-8.32677,-7.35023,10.6684
1,49,10.4215,30.3573,-2.20153,10.0007
1,50,5.28173,-24.5187,12.6156,-1.8427
1,51,5.16734,-5.93812,-10.8574,9.19852
1,52,34.8054,32.2388,-5.19465,-5.08007
1,53,-36.0876,18.5944,-4.73962,3.71258
1,54,-27.0192,14.5537,7.12553,5.68495
1,55,38.013,12.231,0.0867622,15.0748
1,56,32.0585,32.2905,-3.40024,13.7118
1,57,6.36581,-20.2832,3.20951,1.69038
1,58,-18.6446,8.05498,5.06303,10.79
1,59,-40,-11.9205,0,-0
1,60,19.8552,16.4381,0.0178951,4.47463
1,61,-16.8546,-7.8611,3.73061,6.92788
1,62,-5.60448,-14.168,-6.13867,9.77259
1,63,-26.8061,-3.75629,-6.68163,3.08575
1,64,15.9672,-19.536,9.71259,4.32335
1,65,9.07396,-40,-0,0
1,66,7.51458,-2.42479,-5.00058,16.7106
1,67,3.95277,-28.9018,-3.81394,1.13382
1,68,6.88284,20.0526,1.76647,-4.65852
1,69,32.8065,37.9439,-5.06095,-2.05608
1,70,-5.73496,24.3109,-9.53707,12.6124
1,71,-11.4661,-15.3018,2.41572,-7.09043
1,72,40,-7.56965,8.27786,13.9914
1,73,-25.15,-10.7989,-6.95535,-1.07276
1,74,9.18439,37.8737,5.48071,2.77849
1,75,-14.8516,-14.3968,6.55263,1.40367
1,76,-11.82,2.00792,-10.8622,-9.16844
1,77,-40,5.54747,0,0
1,78,21.4175,-40,-4.9427,-1.38279
1,79,0.89055,15.1042,-11.2684,-6.84424
1,80,-9.00167,-10.4029,10.9564,10.548
1,81,-35.9714,-20.1813,3.57587,0.913473
1,82,-32.3502,34.3659,-3.65728,-2.26012
1,83,-1.9533,29.7904,-4.54496,1.69336
1,84,15.2739,40,0,0
1,85,20.8847,1.42989,7.49989,-3.3695
1,86,9.46621,12.2416,16.1641,0.191061
1,87,-15.5363,19.819,-9.11688,-7.47596
1,88,-26.455,-16.2371,-6.14923,2.54478
1,89,-0.260034,24.2364,11.0699,8.54711
1,90,32.546,40,0,0
1,91,-12.0692,-10.4966,-0.172038,15.8597
1,92,-21.1923,1.60143,9.14088,11.2301
1,93,31.465,37.0611,-0.878307,-2.93892
1,94,-26.4238,-12.9013,3.68999,-10.0898
1,95,5.22384,40,-6.80042,5.13157
1,96,-15.3864,19.2138,10.6255,3.33279
1,97,16.7102,28.9307,-2.12869,-0.334519
1,98,-39.8749,-20.1851,0.125138,-0.765218
1,99,19.4322,10.3535,14.1196,20.1815
2,0,11.3051,-4.98506,12.1809,9.12675
2,1,-30.6006,-0.173007,-3.97301,-1.24583
2,2,-10.3325,-15.6183,-1.41811,-1.72618
2,3,-18.9009,-22.3862,3.77609,-1.05764
2,4,-8.53688,-17.6956,10.5939,3.74717
2,5,14.5143,-15.5176,-7.76851,7.13512
2,6,38.34,-17.6178,-1.65999,1.55984
2,7,33.2846,-9.32267,0.452403,-2.39638
2,8,-4.82258,34.7193,9.68596,1.68112
2,9,-26.5466,-8.03125,9.67693,9.68753
2,10,16.3074,40,-0,0
2,11,1.60213,-22.7842,11.0901,7.55579
2,12,-6.806,-7.73135,-7.80432,-2.14958
2,13,-9.10703,-3.32784,4.8771,-3.4979
2,14,-7.56569,-21.031,7.46336,8.84899
2,15,19.3782,9.87894,10.4315,2.66032
2,16,29.2604,-15.5884,-2.38587,9.49449
2,17,-7.69265,-16.7653,-9.00199,-4.56263
2,18,3.3528,-16.2301,-4.04442,2.31377
2,19,21.6293,28.4692,-10.1237,-7.74442
2,20,17.97,-0.64398,-4.49558,8.17899
2,21,-11.0839,-37.5756,-6.05294,-4.28854
2,22,35.7927,-31.9763,-4.20733,6.34965
2,23,-36.0512,-26.5678,3.16293,5.40812
2,24,1.28838,13.6419,-4.93876,-6.26941
2,25,24.6432,-8.64517,3.71747,-4.28653
2,26,0.949922,-6.75648,5.23415,-8.93956
2,27,-24.1142,8.03304,-3.96554,7.95268
2,28,2.63846,-17.8341,-10.5799,9.15765
2,29,-29.1293,12.9075,-2.55283,5.85301
2,30,11.1952,13.379,12.3429,13.7003
2,31,-0.620859,6.40235,12.8931,11.9243
2,32,8.1487,31.7799,-0.33003,-5.60551
2,33,-23.3129,24.3566,3.4874,8.11576
2,34,-5.12014,24.6772,6.19015,4.76106
2,35,-19.5228,0.689875,0.967754,-5.27986
2,36,15.1085,34.5446,12.5849,0.560426
2,37,12.1022,34.6308,-1.38358,-5.36925
2,38,-25.0469,21.4552,-10.1095,2.34646
2,39,0.462649,25.8697,-1.01638,11.0428
2,40,-1.37562,36.6598,0.797981,-3.34025
2,41,-29.9781,24.7119,1.77613,5.68912
2,42,1.0853,2.79818,13.9425,-0.464126
2,43,-4.33355,16.1604,2.23929,-8.31458
2,44,18.6367,-3.11801,2.2172,5.12323
2,45,-23.9871,29.5657,-0.0101514,8.40909
2,46,-38.0471,37.8735,1.83228,2.12209
2,47,29.6404,34.7612,-5.43607,-5.23881
2,48,-22.3886,-0.747012,-2.79424,7.57975
2,49,8.65108,38.3168,-1.77046,7.95958
2,50,13.9001,-20.0159,8.61836,4.50281
2,51,-2.54412,4.22402,-7.71146,10.1621
2,52,28.6092,26.7519,-6.19619,-5.48688
2,53,-37.5788,20.9719,-1.49121,2.37753
2,54,-20.7354,18.9807,6.28381,4.42699
2,55,34.573,24.3114,-3.44,12.0804
2,56,27.5067,40,-4.55184,7.70951
2,57,8.82584,-17.6233,2.46004,2.65986
2,58,-11.2261,17.1616,7.41841,9.10661
2,59,-34.0955,-9.48384,5.90447,2.43669
2,60,18.5432,19.5054,-1.31196,3.0673
2,61,-13.8924,-2.504,2.96216,5.3571
2,62,-9.16082,-4.93209,-3.55634,9.23594
2,63,-30.9503,-0.702319,-4.1442,3.05397
2,64,23.6708,-15.8558,7.70359,3.6802
2,65,8.53902,-34.7218,-0.534939,5.27819
2,66,3.29794,13.766,-4.21664,16.1908
2,67,1.60272,-23.5225,-2.35005,5.3793
2,68,8.09069,16.2094,1.20785,-3.84325
2,69,24.0167,31.4697,-8.7898,-6.47418
2,70,-12.084,33.1433,-6.34907,8.83241
2,71,-9.31206,-20.6302,2.154,-5.32839
2,72,40,-7.56965,0,0
2,73,-29.4751,-10.7447,-4.32507,0.0542696
2,74,13.3074,38.0727,4.12303,0.198954
2,75,-7.66456,-10.6359,7.18701,3.76091
2,76,-19.2353,-4.41136,-7.41525,-6.41928
2,77,-35.5332,6.20901,4.46679,0.661544
2,78,16.1949,-36.0222,-5.22269,3.97783
2,79,-7.43425,9.29083,-8.3248,-5.81337
2,80,0.855808,-0.164556,9.85748,10.2384
2,81,-30.4798,-17.4254,5.49164,2.75589
2,82,-31.1456,31.0039,1.20456,-3.36195
2,83,-4.67363,29.2355,-2.72033,-0.554823
2,84,13.4317,36.6725,-1.84223,-3.32748
2,85,25.9617,-0.679476,5.07695,-2.10936
2,86,21.2679,12.3827,11.8017,0.14108
2,87,-18.6814,12.4369,-3.14508,-7.38215
2,88,-28.4802,-12.4221,-2.02519,3.815
2,89,9.63748,29.2193,9.89751,4.98285
2,90,31.7871,39.2,-0.758898,-0.799953
2,91,-10.9405,3.76043,1.12873,14.257
2,92,-11.7745,10.7969,9.41778,9.19547
2,93,29.3867,33.3585,-2.07831,-3.70254
2,94,-19.3127,-17.763,7.11111,-4.86169
2,95,0.01255,38.6304,-5.21129,-1.36957
2,96,-5.24385,21.3672,10.1426,2.15333
2,97,13.3114,25.7796,-3.39876,-3.15111
2,98,-35.5366,-17.7358,4.33826,2.44933
2,99,30.6683,26.5081,11.2361,16.1546
3,0,19.6334,2.56361,8.32832,7.54867
3,1,-30.5104,-0.0568794,0.0902254,0.116128
3,2,-10.146,-14.8056,0.186521,0.812736
3,3,-14.4089,-20.9893,4.49199,1.3969
3,4,2.58243,-9.35946,11.1193,8.33613
3,5,7.73416,-7.86859,-6.78014,7.64898
3,6,36.285,-15.6867,-2.05502,1.93104
3,7,32.6564,-10.4398,-0.62822,-1.11714
3,8,1.37933,34.6925,6.20191,-0.0268047
3,9,-17.2535,0.556638,9.29312,8.58789
3,10,16.0836,38.8261,-0.223853,-1.17391
3,11,9.6512,-15.7581,8.04907,7.02611
3,12,-11.505,-8.08986,-4.69902,-0.35851
3,13,-5.80362,-4.24231,3.30341,-0.914471
3,14,0.455503,-8.19302,8.0212,12.838
3,15,26.3455,12.2548,6.96721,2.37584
3,16,23.4979,-3.60835,-5.76251,11.9801
3,17,-11.7552,-15.1244,-4.06255,1.6409
3,18,0.801021,-13.6539,-2.55178,2.57618
3,19,11.0103,19.5675,-10.619,-8.90169
3,20,12.6016,7.89549,-5.36837,8.53947
3,21,-13.7086,-34.6576,-2.62473,2.91808
3,22,30.536,-24.043,-5.25667,7.93329
3,23,-28.2992,-17.4446,7.75198,9.12314
3,24,-1.43642,9.20963,-2.72479,-4.43228
3,25,26.0107,-10.2221,1.36757,-1.57691
3,26,4.90486,-9.02348,3.95493,-2.267
3,27,-24.4286,14.5046,-0.314447,6.47155
3,28,-5.34304,-6.60527,-7.9815,11.2288
3,29,-24.9855,17.3006,4.14385,4.39303
3,30,16.1793,19.7618,4.98411,6.38278
3,31,10.0128,16.202,10.6337,9.7997
3,32,7.83814,26.7866,-0.310559,-4.99324
3,33,-19.0454,28.9456,4.26748,4.58901
3,34,0.154805,25.2933,5.27494,0.616084
3,35,-16.5678,-1.02097,2.95497,-1.71084
3,36,20.4139,30.1776,5.3054,-4.36694
3,37,10.749,29.3794,-1.3532,-5.25134
3,38,-28.1118,21.9391,-3.06493,0.483862
3,39,0.743166,32.2165,0.280516,6.34687
3,40,-0.457699,33.1135,0.917925,-3.54627
3,41,-22.3975,26.8894,7.58059,2.17751
3,42,11.2246,3.81944,10.1393,1.02126
3,43,-2.63631,10.1077,1.69724,-6.05264
3,44,18.373,2.70313,-0.263724,5.82114
3,45,-21.8292,32.4137,2.15786,2.84799
3,46,-31.0184,36.3834,7.02875,-1.49011
3,47,24.6241,29.9259,-5.01634,-4.83532
3,48,-19.6858,5.56194,2.70286,6.30895
3,49,7.61725,40,-1.03383,1.68317
3,50,15.3756,-2.09424,-1.50073,10.0921
3,51,-9.0207,21.2809,-1.88469,7.47893
3,52,13.547,15.2636,-7.00376,-5.12982
3,53,-23.6927,20.5329,9.36458,-1.08631
3,54,-3.16004,22.8126,8.35733,1.30502
3,55,20.5978,36.2245,-7.36113,4.09865
3,56,25.7496,35.8268,-1.75705,-4.17317
3,57,11.7962,-8.61336,1.18249,4.67122
3,58,-0.498404,29.3638,4.85245,5.3395
3,59,-16.7999,-1.56885,8.51825,3.89852
3,60,15.2375,21.7667,-1.43474,0.716023
3,61,-6.99011,4.43366,3.19417,2.72538
3,62,-10.9064,11.147,-0.589241,6.80485
3,63,-28.9006,6.13369,2.80187,3.49205
3,64,24.5994,0.951287,-1.22956,8.70865
3,65,7.62326,-23.5716,-0.477659,6.7063
3,66,-1.25504,35.062,-1.63767,8.55812
3,67,0.882757,-7.10314,-0.279954,7.26457
3,68,8.89325,11.9188,0.0907588,-1.71794
3,69,7.04591,16.5206,-7.71658,-7.1321
3,70,-13.2516,36.3693,1.40003,-0.869695
3,71,-3.02592,-20.4703,3.71572,2.63814
3,72,30.0384,-1.64825,-5.6391,3.35201
3,73,-30.7437,-7.65891,0.531793,1.97248
3,74,18.4146,35.8695,2.1413,-1.13112
3,75,3.72942,-3.38025,5.0462,3.26496
3,76,-20.9213,-7.08177,0.32681,-0.444636
3,77,-13.0979,9.53174,11.8133,1.74958
3,78,10.1039,-25.5169,-2.11239,4.70851
3,79,-13.2484,3.43137,-1.71821,-2.06419
3,80,14.6008,15.0803,5.61239,6.49236
3,81,-13.0898,-5.59004,7.57461,5.21505
3,82,-19.4253,23.0228,8.53808,-4.5841
3,83,-6.40645,25.9297,-0.643448,-1.62725
3,84,10.5155,30.7013,-1.26145,-2.68685
3,85,24.1196,2.2133,-2.6544,2.4075
3,86,26.9826,12.5442,-0.104531,0.0529152
3,87,-14.2794,3.12407,4.56026,-3.40512
3,88,-18.4044,-1.89278,7.8704,6.32819
3,89,21.8297,30.517,5.28839,0.396024
3,90,25.3729,32.4389,-3.97486,-4.18989
3,91,-2.91854,22.9569,4.70672,7.78211
3,92,3.80806,24.0555,7.05613,5.8137
3,93,25.69,27.878,-1.82028,-2.41502
3,94,-3.59731,-14.5429,8.53225,4.06501
3,95,-6.29734,33.679,-2.42656,-2.67909
3,96,7.70696,21.3202,5.16725,-1.12355
3,97,7.02964,18.0501,-3.16332,-4.43874
3,98,-22.2117,-8.85364,7.37778,5.13414
3,99,38.7477,40,0.738702,1.52436
4,0,22.28,9.12714,2.64657,6.56354
4,1,-27.9998,0.857572,2.51054,0.914451
4,2,-8.72699,-12.147,1.41902,2.65854
4,3,-9.58241,-17.4215,4.82653,3.56783
4,4,11.4441,-2.04914,8.8617,7.31032
4,5,2.27276,-0.768498,-5.4614,7.10009
4,6,33.1746,-12.764,-3.11035,2.9227
4,7,28.8681,-8.4757,-3.78834,1.9641
4,8,5.99988,34.2881,4.62055,-0.404412
4,9,-8.06404,7.11581,9.18948,6.55917
4,10,15.0265,34.9996,-1.05712,-3.82649
4,11,14.1916,-7.75991,4.54036,7.9982
4,12,-11.2895,-5.61802,0.215493,2.47185
4,13,-2.77056,-4.07537,3.03305,0.166937
4,14,6.1971,1.94867,5.7416,10.1417
4,15,27.6546,13.7344,1.30916,1.47962
4,16,18.3999,5.57626,-5.09794,9.18461
4,17,-12.4969,-10.9019,-0.741748,4.22255
4,18,-0.412877,-9.74321,-1.2139,3.91071
4,19,2.55374,12.2645,-8.45656,-7.30296
4,20,8.17933,14.521,-4.4223,6.62555
4,21,-14.4938,-29.3035,-0.785175,5.35406
4,22,22.8837,-12.4942,-7.65232,11.5488
4,23,-21.2328,-9.40138,7.06645,8.04326
4,24,-2.53755,6.32986,-1.10114,-2.87977
4,25,25.9323,-10.1317,-0.0783918,0.0903918
4,26,8.26774,-7.94146,3.36288,1.08202
4,27,-19.1534,18.715,5.27516,4.21037
4,28,-9.7197,3.42325,-4.37666,10.0285
4,29,-21.2031,20.3388,3.7824,3.03822
4,30,19.8328,24.6178,3.65347,4.85604
4,31,15.8414,21.5587,5.82865,5.35661
4,32,7.34608,20.547,-0.492064,-6.23969
4,33,-12.7856,30.111,6.25981,1.16542
4,34,5.05262,24.3835,4.89782,-0.909817
4,35,-10.2127,1.67287,6.35505,2.69383
4,36,18.2602,23.304,-2.15367,-6.87365
4,37,8.87655,22.1129,-1.87248,-7.26649
4,38,-27.4763,21.4916,0.635533,-0.447495
4,39,1.57897,35.1325,0.835802,2.91595
4,40,1.20932,27.5149,1.66702,-5.59857
4,41,-14.2355,27.3448,8.16205,0.455416
4,42,18.4411,4.78017,7.21655,0.960725
4,43,-0.606881,6.89676,2.02943,-3.21099
4,44,16.0418,9.05226,-2.33118,6.34913
4,45,-19.5097,34.2715,2.31947,1.85786
4,46,-19.2117,30.9343,11.8067,-5.44906
4,47,17.4468,22.9635,-7.17723,-6.96241
4,48,-12.6287,9.99237,7.05711,4.43043
4,49,6.91779,39.8746,-0.699459,-0.125425
4,50,10.161,7.38768,-5.21465,9.48193
4,51,-8.79872,25.8775,0.221973,4.59657
4,52,8.37902,11.8225,-5.16797,-3.44117
4,53,-13.4322,18.7111,10.2605,-1.8218
4,54,3.70628,23.4226,6.86632,0.610035
4,55,13.3521,36.8474,-7.24567,0.622909
4,56,21.8348,28.5758,-3.91489,-7.25108
4,57,11.8134,-2.46766,0.01719,6.14569
4,58,3.63051,32.1725,4.12891,2.80872
4,59,-6.97379,3.16664,9.82616,4.73549
4,60,12.8214,20.4355,-2.41603,-1.33121
4,61,-2.90551,6.91263,4.0846,2.47897
4,62,-9.77485,15.9424,1.13151,4.79542
4,63,-24.2814,9.27584,4.61925,3.14215
4,64,22.7469,5.95381,-1.85255,5.00253
4,65,7.11384,-14.3075,-0.509416,9.26405
4,66,-2.16117,40,-0.90613,4.93803
4,67,1.93928,1.73166,1.05653,8.8348
4,68,8.31542,11.3876,-0.577831,-0.531137
4,69,2.86277,11.7419,-4.18314,-4.77878
4,70,-10.6928,33.8574,2.55878,-2.51195
4,71,1.60961,-12.5442,4.63553,7.92614
4,72,25.6254,0.974965,-4.41303,2.62321
4,73,-25.2044,-3.50988,5.53927,4.14902
4,74,18.9383,33.2811,0.523659,-2.58839
4,75,7.65666,-0.508786,3.92724,2.87146
4,76,-17.8263,-5.40378,3.09503,1.67799
4,77,-4.56848,10.795,8.52946,1.26324
4,78,9.64785,-19.8027,-0.456014,5.7142
4,79,-11.8867,3.3939,1.36172,-0.0374734
4,80,16.364,18.3246,1.76324,3.24432
4,81,-5.33295,0.333232,7.75688,5.92327
4,82,-8.57979,17.7051,10.8455,-5.3177
4,83,-5.86463,23.5111,0.541822,-2.41866
4,84,9.31174,27.6347,-1.20373,-3.06656
4,85,19.1192,5.7856,-5.00039,3.5723
4,86,24.1451,12.5603,-2.83755,0.0160984
4,87,-10.2873,1.50196,3.99209,-1.62211
4,88,-11.7812,3.3585,6.62319,5.25128
4,89,25.3238,29.9708,3.49404,-0.546138
4,90,21.7091,28.5768,-3.66385,-3.86206
4,91,1.52488,25.9561,4.44342,2.9992
4,92,9.49314,27.765,5.68508,3.70955
4,93,23.517,25.7548,-2.17299,-2.12321
4,94,4.87422,-6.45775,8.47153,8.08514
4,95,-5.64467,27.8069,0.652667,-5.87217
4,96,11.5515,19.0104,3.84453,-2.3098
4,97,4.92477,14.6066,-2.10487,-3.44346
4,98,-11.8623,-1.34654,10.3494,7.5071
4,99,36.1183,38.3924,-2.62934,-1.60761
5,0,19.5464,13.0492,-2.73357,3.92206
5,1,-24.2687,2.1636,3.7312,1.30603
5,2,-6.08143,-7.76074,2.64556,4.3863
5,3,-3.3363,-10.1087,6.2461,7.3128
5,4,18.3343,3.99277,6.89013,6.0419
5,5,-1.42757,6.86409,-3.70033,7.63258
5,6,28.8506,-8.70082,-4.32408,4.06321
5,7,24.2688,-5.4473,-4.59927,3.0284
5,8,6.92469,29.4518,0.924812,-4.83628
5,9,0.474139,12.7986,8.53818,5.68283
5,10,13.6032,30.0682,-1.4233,-4.93137
5,11,16.7492,-0.242671,2.55765,7.51723
5,12,-6.89811,-0.766933,4.39142,4.85108
5,13,-0.0327447,-3.38051,2.73782,0.69486
5,14,8.71907,7.98486,2.52197,6.03618
5,15,26.261,14.4156,-1.39362,0.681237
5,16,13.128,13.4287,-5.27195,7.85246
5,17,-11.4158,-5.45507,1.08117,5.44682
5,18,-0.155318,-4.63207,0.257559,5.11114
5,19,-1.44371,8.44774,-3.99745,-3.81677
5,20,4.68536,19.5938,-3.49397,5.07275
5,21,-11.1893,-17.1595,3.30449,12.1441
5,22,15.1697,-0.852396,-7.714,11.6419
5,23,-14.2082,-2.04488,7.02456,7.3565
5,24,-2.18511,4.86803,0.352446,-1.46183
5,25,25.4942,-9.62649,-0.438137,0.505206
5,26,10.6708,-3.98177,2.40307,3.95968
5,27,-13.0471,19.2967,6.10634,0.581748
5,28,-10.3451,11.7121,-0.625451,8.28887
5,29,-16.9446,22.4153,4.25847,2.07652
5,30,19.9271,25.7843,0.0943183,1.16648
5,31,19.3409,24.7444,3.49942,3.18572
5,32,6.95532,16.0174,-0.390758,-4.52956
5,33,-5.16315,27.2782,7.62245,-2.83277
5,34,8.87325,22.1919,3.82063,-2.19161
5,35,-3.79927,4.75392,6.41348,3.08105
5,36,12.7468,17.5377,-5.51346,-5.76627
5,37,7.50935,16.8072,-1.3672,-5.30568
5,38,-23.0114,20.1001,4.4649,-1.39148
5,39,2.7715,34.0681,1.19253,-1.06443
5,40,2.97975,21.8712,1.77043,-5.64372
5,41,-5.7634,24.2286,8.47209,-3.11616
5,42,22.1234,6.59102,3.68226,1.81085
5,43,0.983572,5.23731,1.59045,-1.65944
5,44,13.3022,14.3647,-2.73958,5.31248
5,45,-12.7211,31.5167,6.78859,-2.75482
5,46,-7.78178,25.1274,11.4299,-5.80694
5,47,10.1212,15.8844,-7.32561,-7.0791
5,48,-5.30257,13.751,7.32609,3.75864
5,49,6.49429,37.9964,-0.423503,-1.87815
5,50,3.26749,13.909,-6.89347,6.52133
5,51,-7.89818,28.7933,0.900546,2.91578
5,52,4.74094,9.84669,-3.63807,-1.97576
5,53,-2.70949,16.4046,10.7227,-2.3065
5,54,7.41124,21.8624,3.70496,-1.56024
5,55,8.32951,33.3935,-5.02262,-3.45392
5,56,17.9288,21.4405,-3.90594,-7.13522
5,57,11.283,3.11904,-0.530364,5.5867
5,58,7.075,33.4029,3.4445,1.23037
5,59,-6.97379,3.16664,9.82616,4.73549
5,60,12.8214,20.4355,-2.41603,-1.33121
5,61,-2.90551,6.91263,4.0846,2.47897
5,62,-9.77485,15.9424,1.13151,4.79542
5,63,-24.2814,9.27584,4.61925,3.14215
5,64,22.7469,5.95381,-1.85255,5.00253
5,65,7.11384,-14.3075,-0.509416,9.26405
5,66,-2.16117,40,-0.90613,4.93803
5,67,1.93928,1.73166,1.05653,8.8348
5,68,8.31542,11.3876,-0.577831,-0.531137
5,69,2.86277,11.7419,-4.18314,-4.77878
5,70,-10.6928,33.8574,2.55878,-2.51195
5,71,1.60961,-12.5442,4.63553,7.92614
5,72,25.6254,0.974965,-4.41303,2.62321
5,73,-25.2044,-3.50988,5.53927,4.14902
5,74,18.9383,33.2811,0.523659,-2.58839
5,75,7.65666,-0.508786,3.92724,2.87146
5,76,-17.8263,-5.40378,3.09503,1.67799
5,77,-4.56848,10.795,8.52946,1.26324
5,78,9.64785,-19.8027,-0.456014,5.7142
5,79,-11.8867,3.3939,1.36172,-0.0374734
5,80,16.364,18.3246,1.76324,3.24432
5,81,-5.33295,0.333232,7.75688,5.92327
5,82,-8.57979,17.7051,10.8455,-5.3177
5,83,-5.86463,23.5111,0.541822,-2.41866
5,84,9.31174,27.6347,-1.20373,-3.06656
5,85,19.1192,5.7856,-5.00039,3.5723
5,86,24.1451,12.5603,-2.83755,0.0160984
5,87,-10.2873,1.50196,3.99209,-1.62211
5,88,-11.7812,3.3585,6.62319,5.25128
5,89,25.3238,29.9708,3.49404,-0.546138
5,90,21.7091,28.5768,-3.66385,-3.86206
5,91,1.52488,25.9561,4.44342,2.9992
5,92,9.49314,27.765,5.68508,3.70955
5,93,23.517,25.7548,-2.17299,-2.12321
5,94,4.87422,-6.45775,8.47153,8.08514
5,95,-5.64467,27.8069,0.652667,-5.87217
5,96,11.5515,19.0104,3.84453,-2.3098
5,97,4.92477,14.6066,-2.10487,-3.44346
5,98,-11.8623,-1.34654,10.3494,7.5071
5,99,36.1183,38.3924,-2.62934,-1.60761
6,0,15.1926,16.0827,-4.35386,3.03348
6,1,-17.8606,4.34143,6.40802,2.17783
6,2,-1.1727,0.101561,4.90873,7.8623
6,3,2.28372,-2.79465,5.62002,7.31402
6,4,20.5511,9.32912,2.21686,5.33636
6,5,-2.71698,11.4605,-1.2894,4.59641
6,6,25.2923,-5.35723,-3.55826,3.34359
6,7,19.9474,-2.35614,-4.32139,3.09117
6,8,4.57881,22.1989,-2.34589,-7.2529
6,9,7.89682,17.3065,7.42268,4.5079
6,10,12.2622,24.7459,-1.34096,-5.32236
6,11,16.2813,4.45325,-0.467924,4.69593
6,12,-1.84067,4.64744,5.05744,5.41437
6,13,2.3822,-2.10601,2.41494,1.27451
6,14,9.07062,10.7942,0.351549,2.80938
6,15,21.5156,14.4205,-4.74539,0.00485266
6,16,8.95623,17.8676,-4.17174,4.43887
6,17,-9.10553,0.296738,2.31025,5.7518
6,18,2.0735,1.23897,2.22882,5.87105
6,19,-1.18001,8.1444,0.2637,-0.303334
6,20,2.23021,22.5927,-2.45515,2.9989
6,21,-6.79481,-5.09863,4.39451,12.0608
6,22,7.87062,10.1632,-7.29906,11.0156
6,23,-7.05549,4.79685,7.15276,6.84173
6,24,-1.72676,3.86536,0.458347,-1.00267
6,25,20.5531,-3.92901,-4.94111,5.69748
6,26,11.7484,1.65111,1.07755,5.63288
6,27,-5.97663,18.4574,7.07048,-0.83933
6,28,-8.47545,17.348,1.8697,5.63586
6,29,-10.9143,22.8665,6.03027,0.45117
6,30,18.2065,24.7477,-1.72058,-1.03664
6,31,20.6222,25.8491,1.28132,1.10471
6,32,6.7242,13.7111,-0.231121,-2.30628
6,33,1.4939,22.606,6.65705,-4.67219
6,34,11.4037,20.6028,2.53041,-1.58903
6,35,0.0528886,9.12609,3.85216,4.37217
6,36,3.20101,13.0734,-9.54576,-4.46436
6,37,6.64205,13.4415,-0.867299,-3.36571
6,38,-13.9263,17.6397,9.0851,-2.46037
6,39,4.13585,28.8801,1.36435,-5.18797
6,40,4.18098,18.1907,1.20123,-3.68049
6,41,1.91345,20.8609,7.67685,-3.36776
6,42,23.2646,8.70732,1.14118,2.11631
6,43,2.53896,6.09502,1.55539,0.857708
6,44,10.8574,17.8186,-2.44483,3.45382
6,45,-7.97961,29.337,4.74154,-2.17975
6,46,1.12184,19.4415,8.90362,-5.68593
6,47,4.3389,10.3081,-5.78233,-5.57626
6,48,0.983323,16.7093,6.28589,2.95834
6,49,6.14387,33.9418,-0.350423,-4.05463
6,50,-3.43122,17.5376,-6.69872,3.62858
6,51,-5.78226,28.9585,2.11592,0.165273
6,52,4.03302,10.1644,-0.707923,0.317738
6,53,4.8345,13.7326,7.54399,-2.67201
6,54,7.84686,19.7474,0.435623,-2.11503
6,55,6.49617,26.4025,-1.83334,-6.99096
6,56,15.5599,14.7173,-2.36894,-6.72323
6,57,9.76725,7.9777,-1.51577,4.85866
6,58,9.5421,34.1876,2.4671,0.784693
6,59,4.94359,8.66054,5.60229,2.81756
6,60,6.93204,15.078,-2.87526,-2.79092
6,61,5.76924,12.1285,4.22299,2.53073
6,62,-4.62777,18.6457,3.70468,-0.683213
6,63,-12.9444,12.5507,5.14214,1.01184
6,64,14.6701,11.6035,-3.87218,1.27496
6,65,6.25088,3.99792,-0.374981,7.97317
6,66,-1.8463,38.8637,0.314866,-1.13634
6,67,5.99185,15.4445,2.20233,5.56343
6,68,7.09099,11.6719,-0.65968,0.424775
6,69,5.864,11.6823,3.08207,1.37145
6,70,-5.52509,28.2132,2.41157,-2.67353
6,71,7.092,-2.16038,1.99783,3.85807
6,72,12.7765,8.61261,-5.93168,3.52593
6,73,-6.1155,6.82369,9.00451,4.48406
6,74,16.278,25.1704,-2.4833,-5.23058
6,75,12.6073,6.6944,1.94709,3.50864
6,76,-5.88785,2.65555,6.40265,4.44365
6,77,2.9472,11.9081,1.93339,0.286341
6,78,8.36194,-5.55578,-0.832991,8.8074
6,79,-5.67623,5.90862,3.96081,1.73563
6,80,17.4816,21.9424,-0.112847,1.1289
6,81,6.5823,9.77284,5.30881,4.2873
6,82,9.59155,9.24859,7.70377,-3.56903
6,83,-0.054523,16.2994,3.46186,-3.67467
6,84,7.87887,23.3201,-0.537459,-1.97191
6,85,11.3449,10.4979,-4.10946,2.25809
6,86,10.0628,12.4348,-7.87725,-0.0822441
6,87,0.24681,4.78247,4.8418,2.17824
6,88,1.93166,12.3157,6.52607,3.94749
6,89,24.4202,24.7887,-0.873273,-2.39123
6,90,14.7581,21.2498,-3.26147,-3.43791
6,91,7.93074,20.6345,2.59694,-3.90455
6,92,15.0556,28.4152,1.68577,-1.43514
6,93,19.0803,22.3262,-1.54959,-0.956251
6,94,12.372,7.89083,2.27314,6.92813
6,95,-2.46867,20.7868,2.24181,-2.91552
6,96,11.1202,13.9732,-0.793064,-2.29213
6,97,3.35633,9.99032,-0.109174,-1.52495
6,98,1.32929,8.71703,6.04828,4.63876
6,99,21.7209,26.7383,-6.40694,-5.18686
7,0,10.8242,18.0218,-4.36842,1.93911
7,1,-9.40728,7.18659,8.45334,2.84516
7,2,4.32153,8.74661,5.49424,8.64504
7,3,6.40997,4.49439,4.12625,7.28904
7,4,20.5916,12.5172,0.040508,3.18806
7,5,-0.732872,12.8426,1.98411,1.38214
7,6,22.3859,-2.62614,-2.90643,2.73109
7,7,14.5893,2.48461,-5.35811,4.84075
7,8,1.20021,16.0142,-3.37859,-6.18476
7,9,13.2729,20.2472,5.37609,2.94069
7,10,10.7914,19.6539,-1.47081,-5.09192
7,11,13.586,9.03798,-2.6953,4.58473
7,12,3.28235,9.93717,5.12302,5.28974
7,13,4.36698,0.516309,1.98478,2.62232
7,14,8.39804,11.511,-0.672581,0.716794
7,15,17.4885,14.3022,-4.02712,-0.118326
7,16,6.97068,18.704,-1.98555,0.836419
7,17,-6.35807,5.00655,2.74747,4.70982
7,18,5.34003,5.94526,3.26652,4.70628
7,19,2.4813,10.6729,3.66131,2.52854
7,20,0.772203,23.8126,-1.45801,1.21988
7,21,-2.32038,5.14264,4.47443,10.2413
7,22,3.50112,16.7576,-4.3695,6.59439
7,23,-1.32272,9.38323,5.73276,4.58638
7,24,-0.660436,3.8519,1.06632,-0.0134606
7,25,13.6303,4.05352,-6.92281,7.98253
7,26,11.7572,7.86757,0.00886609,6.21646
7,27,0.201448,16.4585,6.17808,-1.99882
7,28,-5.07483,19.3967,3.40062,2.04875
7,29,-3.80663,21.3268,7.10771,-1.53966
7,30,15.0592,22.0349,-3.14734,-2.71282
7,31,21.2058,26.3236,0.583667,0.474513
7,32,6.5018,11.7259,-0.222398,-1.98522
7,33,6.93661,15.3992,5.44271,-7.2068
7,34,11.8694,18.6394,0.465766,-1.96341
7,35,3.18984,13.4445,3.13695,4.31839
7,36,-5.56424,9.98407,-8.76525,-3.08928
7,37,5.93689,10.705,-0.705162,-2.73651
7,38,-3.13602,14.8663,10.7903,-2.77342
7,39,5.14776,22.5635,1.01191,-6.3166
7,40,5.43967,14.4638,1.25869,-3.72694
7,41,7.76031,17.9886,5.84686,-2.87231
7,42,21.001,10.9628,-2.26358,2.25545
7,43,3.43279,7.5415,0.893827,1.44648
7,44,8.73057,18.0708,-2.12683,0.25219
7,45,-4.17448,26.9451,3.80513,-2.39183
7,46,8.30988,14.2978,7.18804,-5.14361
7,47,1.11471,7.22663,-3.22419,-3.08147
7,48,5.86583,18.7306,4.88251,2.02124
7,49,5.89317,31.033,-0.250695,-2.90883
7,50,-8.02274,20.0398,-4.59151,2.50216
7,51,-1.90304,24.6504,3.87922,-4.3081
7,52,4.12864,10.9334,0.0956245,0.768963
7,53,10.5866,11.5363,5.75213,-2.19631
7,54,7.93536,17.6891,0.0885001,-2.05823
7,55,6.94302,19.9087,0.44685,-6.49386
7,56,14.6216,9.49871,-0.938315,-5.21859
7,57,7.92419,11.5571,-1.84307,3.57938
7,58,10.614,32.3735,1.07192,-1.81406
7,59,5.96574,9.24607,1.02215,0.585536
7,60,4.83889,12.8334,-2.09315,-2.24465
7,61,8.57234,13.7983,2.8031,1.66981
7,62,-1.51737,15.463,3.11041,-3.18271
7,63,-6.40546,13.3433,6.5389,0.792587
7,64,11.3738,10.1797,-3.29632,-1.42374
7,65,6.01533,10.1969,-0.235547,6.19897
7,66,-0.704271,34.694,1.14203,-4.16962
7,67,8.11319,17.6526,2.12134,2.20811
7,68,6.4397,12.1407,-0.651292,0.468749
7,69,8.3636,12.828,2.4996,1.14563
7,70,-1.30926,22.6607,4.21582,-5.55253
7,71,8.38037,1.51348,1.28837,3.67386
7,72,8.13764,11.3701,-4.63889,2.75747
7,73,0.431593,9.79891,6.54709,2.97522
7,74,13.2094,20.214,-3.06853,-4.95641
7,75,13.5999,8.96306,0.992634,2.26867
7,76,0.0848301,6.91555,5.97268,4.26
7,77,3.38944,11.9736,0.442244,0.0654976
7,78,7.6029,2.21559,-0.759035,7.77137
7,79,-1.16828,8.02699,4.50795,2.11836
7,80,16.9302,22.2664,-0.551404,0.323968
7,81,9.91055,12.7179,3.32825,2.94502
7,82,14.8211,6.96495,5.22958,-2.28364
7,83,3.44052,13.2205,3.49505,-3.07887
7,84,7.71685,21.6342,-0.162023,-1.68586
7,85,9.09027,11.3859,-2.25459,0.888044
7,86,3.5101,12.3659,-6.55269,-0.0689201
7,87,4.143,7.37629,3.89619,2.59381
7,88,7.91147,15.4496,5.97981,3.13392
7,89,21.8938,22.2007,-2.52639,-2.58802
7,90,13.0447,19.4437,-1.71332,-1.80601
7,91,7.89305,11.8737,-0.0376853,-8.7608
7,92,14.6611,24.3265,-0.394476,-4.08875
7,93,17.1606,21.3135,-1.91968,-1.01268
7,94,11.0213,12.2514,-1.35063,4.36061
7,95,1.04217,18.6501,3.51084,-2.13663
7,96,8.93113,12.1085,-2.18904,-1.86472
7,97,4.25871,9.86766,0.902376,-0.122652
7,98,5.64483,12.1037,4.31555,3.38665
7,99,14.8886,20.9508,-6.8323,-5.78753
8,0,7.55178,19.1278,-3.27237,1.10606
8,1,0.428821,10.4809,9.83611,3.29435
8,2,8.75358,15.7161,4.43205,6.9695
8,3,8.82651,10.1229,2.41654,5.62848
8,4,17.3005,13.4452,-3.29113,0.928056
8,5,1.57578,13.9051,2.30866,1.06244
8,6,18.6886,0.848114,-3.69731,3.47425
8,7,9.06763,7.98437,-5.52169,5.49975
8,8,-2.32349,10.3993,-3.5237,-5.61491
8,9,15.656,21.116,2.38309,0.868762
8,10,9.09288,14.981,-1.6985,-4.67293
8,11,10.1644,11.4349,-3.42154,2.39694
8,12,6.96655,13.7127,3.6842,3.7755
8,13,5.82814,3.19829,1.46116,2.68198
8,14,6.69086,10.5477,-1.70718,-0.963344
8,15,12.3103,13.7093,-5.17818,-0.592823
8,16,7.53589,15.2305,0.565209,-3.4735
8,17,-2.41932,9.48117,3.93875,4.47462
8,18,9.34484,9.29734,4.00481,3.35208
8,19,6.32318,13.2719,3.84187,2.59892
8,20,1.78822,21.3532,1.01602,-2.45936
8,21,2.44367,14.3261,4.76405,9.18351
8,22,0.249023,21.6656,-3.25209,4.90801
8,23,2.21597,11.5464,3.53869,2.16322
8,24,1.20688,5.1638,1.86732,1.3119
8,25,7.69613,10.896,-5.93414,6.84252
8,26,11.5453,12.9959,-0.211921,5.12837
8,27,5.89881,13.8466,5.69737,-2.61197
8,28,-1.37027,18.098,3.70457,-1.29873
8,29,2.3263,19.5669,6.13294,-1.75992
8,30,11.6177,18.5443,-3.44145,-3.49055
8,31,19.477,24.6502,-1.7288,-1.67338
8,32,6.3188,10.166,-0.183005,-1.55986
8,33,10.6636,8.78488,3.72699,-6.61436
8,34,10.927,17.3337,-0.942434,-1.30576
8,35,4.76618,17.425,1.57635,3.98054
8,36,-12.5388,8.6522,-6.97453,-1.33187
8,37,5.43606,8.76151,-0.500821,-1.94353
8,38,6.71707,12.3951,9.85309,-2.47119
8,39,5.83226,17.1798,0.684498,-5.38373
8,40,6.42685,11.5713,0.987173,-2.89245
8,41,11.6942,15.6067,3.9339,-2.38187
8,42,17.9627,12.6514,-3.03825,1.68866
8,43,3.82201,10.7679,0.38922,3.22638
8,44,7.0922,16.9674,-1.63836,-1.10339
8,45,-0.863079,22.8722,3.3114,-4.0729
8,46,10.6213,11.4512,2.31143,-2.84662
8,47,0.194375,6.3718,-0.920333,-0.854826
8,48,9.70073,19.2652,3.8349,0.534649
8,49,5.8208,26.134,-0.0723667,-4.89893
8,50,-10.0244,21.1565,-2.00163,1.1167
8,51,2.03848,19.5445,3.94151,-5.10597
8,52,4.59805,11.8139,0.469403,0.88054
8,53,10.5311,10.2433,-0.0555308,-1.293
8,54,7.14414,15.6829,-0.791218,-2.00627
8,55,8.46919,14.2245,1.52617,-5.68421
8,56,12.561,6.02915,-2.06053,-3.46957
8,57,6.28263,13.9133,-1.64156,2.35618
8,58,11.0816,29.5855,0.467536,-2.78803
8,59,5.9165,9.72507,-0.0492401,0.478992
8,60,3.67437,11.2833,-1.16452,-1.55011
8,61,9.64605,14.4262,1.07371,0.627876
8,62,1.57662,12.2426,3.09398,-3.2204
8,63,-0.0450635,13.8397,6.3604,0.496411
8,64,8.21028,6.73598,-3.16349,-3.44377
8,65,5.87452,15.4131,-0.140806,5.21619
8,66,0.723051,29.3952,1.42732,-5.29882
8,67,9.76088,17.6158,1.64769,-0.036859
8,68,5.9086,12.5605,-0.531102,0.419824
8,69,10.0859,13.6342,1.7223,0.806179
8,70,2.3387,17.785,3.64796,-4.87567
8,71,8.19121,4.18682,-0.189161,2.67334
8,72,4.96955,13.2533,-3.16809,1.88319
8,73,5.61246,12.1051,5.18086,2.30617
8,74,10.237,16.9984,-2.97248,-3.21559
8,75,12.8615,10.8871,-0.738376,1.92399
8,76,4.11849,9.9561,4.03366,3.04055
8,77,3.15738,11.9392,-0.232068,-0.0343699
8,78,7.0369,7.95439,-0.566002,5.7388
8,79,3.49012,10.3337,4.6584,2.30675
8,80,16.3232,22.37,-0.607005,0.103646
8,81,12.3706,14.9773,2.46005,2.25946
8,82,17.869,5.87132,3.0479,-1.09364
8,83,6.41291,10.9152,2.97238,-2.3053
8,84,7.57837,20.1156,-0.13848,-1.51863
8,85,8.29583,11.29,-0.794444,-0.0959135
8,86,-1.3826,12.3149,-4.89269,-0.0509476
8,87,5.95698,10.5231,1.81398,3.1468
8,88,12.3584,17.7083,4.44692,2.25863
8,89,18.867,20.1986,-3.02683,-2.00207
8,90,11.9862,18.3279,-1.05857,-1.11584
8,91,6.27783,1.96109,-1.61522,-9.91257
8,92,13.4746,20.3865,-1.18657,-3.93997
8,93,16.0625,21.2548,-1.09807,-0.0587147
8,94,7.54859,14.3011,-3.47274,2.04966
8,95,4.65601,16.2906,3.61384,-2.35951
8,96,6.20982,10.8669,-2.72131,-1.24154
8,97,5.31774,10.3156,1.05903,0.447907
8,98,9.20419,14.8586,3.55936,2.7549
8,99,9.71294,16.3955,-5.1757,-4.55529
9,0,5.35691,18.6452,-2.19487,-0.482603
9,1,8.03808,13.0262,7.60926,2.54522
9,2,12.161,21.0878,3.40738,5.37174
9,3,9.44154,13.7554,0.615029,3.63249
9,4,11.5401,12.0843,-5.76044,-1.36094
9,5,3.92196,14.5664,2.34618,0.661288
9,6,13.293,5.91816,-5.39556,5.07005
9,7,4.21955,13.0938,-4.84808,5.10948
9,8,-6.55078,6.15423,-4.22729,-4.24504
9,9,15.5546,19.9984,-0.101442,-1.11764
9,10,7.64311,11.3604,-1.44977,-3.62067
9,11,5.44249,9.60219,-4.72195,-1.83274
9,12,9.75515,16.5349,2.78859,2.82222
9,13,6.46334,6.25282,0.6352,3.05454
9,14,3.18066,6.26324,-3.5102,-4.28445
9,15,7.78796,13.1523,-4.52235,-0.55705
9,16,10.0353,8.88287,2.49941,-6.34764
9,17,1.03946,12.906,3.45877,3.42479
9,18,13.2919,10.9868,3.94705,1.68945
9,19,9.39759,15.3366,3.07442,2.06471
9,20,3.64021,17.9126,1.85198,-3.44063
9,21,6.73052,20.9699,4.28685,6.64371
9,22,-1.46366,24.2504,-1.71268,2.58475
9,23,3.88438,11.844,1.66841,0.297591
9,24,2.75804,6.53606,1.55116,1.37226
9,25,2.80304,16.5381,-4.89309,5.64211
9,26,11.1943,17.0783,-0.350962,4.08234
9,27,10.5078,11.6046,4.60894,-2.24201
9,28,2.66744,14.1755,4.03771,-3.92253
9,29,7.51537,17.66,5.18906,-1.90691
9,30,8.82387,15.7039,-2.79386,-2.84045
9,31,17.9133,23.1546,-1.56374,-1.49561
9,32,6.18531,9.32042,-0.133491,-0.845614
9,33,13.0983,3.55441,2.43466,-5.23047
9,34,9.63542,15.7518,-1.29157,-1.58183
9,35,5.37455,20.1735,0.608364,2.74846
9,36,-16.6242,8.03432,-4.08542,-0.617881
9,37,5.23895,7.99657,-0.197114,-0.764934
9,38,14.5973,10.4183,7.88025,-1.97682
9,39,6.22628,12.6082,0.394023,-4.57161
9,40,7.21402,9.30153,0.787175,-2.26978
9,41,12.647,14.0708,0.952842,-1.53587
9,42,14.1978,13.8841,-3.76494,1.23269
9,43,3.47082,14.952,-0.351189,4.18416
9,44,5.92455,15.0999,-1.16765,-1.86744
9,45,1.13269,19.3603,1.99577,-3.51198
9,46,9.09912,10.9535,-1.52219,-0.497687
9,47,-0.178199,6.03964,-0.372574,-0.332165
9,48,12.194,18.5085,2.49327,-0.756734
9,49,5.82574,22.0036,0.00493611,-4.1304
9,50,-11.048,21.669,-1.02359,0.512575
9,51,2.03848,19.5445,3.94151,-5.10597
9,52,4.59805,11.8139,0.469403,0.88054
9,53,10.5311,10.2433,-0.0555308,-1.293
9,54,7.14414,15.6829,-0.791218,-2.00627
9,55,8.46919,14.2245,1.52617,-5.68421
9,56,12.561,6.02915,-2.06053,-3.46957
9,57,6.28263,13.9133,-1.64156,2.35618
9,58,11.0816,29.5855,0.467536,-2.78803
9,59,5.9165,9.72507,-0.0492401,0.478992
9,60,3.67437,11.2833,-1.16452,-1.55011
9,61,9.64605,14.4262,1.07371,0.627876
9,62,1.57662,12.2426,3.09398,-3.2204
9,63,-0.0450635,13.8397,6.3604,0.496411
9,64,8.21028,6.73598,-3.16349,-3.44377
9,65,5.87452,15.4131,-0.140806,5.21619
9,66,0.723051,29.3952,1.42732,-5.29882
9,67,9.76088,17.6158,1.64769,-0.036859
9,68,5.9086,12.5605,-0.531102,0.419824
9,69,10.0859,13.6342,1.7223,0.806179
9,70,2.3387,17.785,3.64796,-4.87567
9,71,8.19121,4.18682,-0.189161,2.67334
9,72,4.96955,13.2533,-3.16809,1.88319
9,73,5.61246,12.1051,5.18086,2.30617
9,74,10.237,16.9984,-2.97248,-3.21559
9,75,12.8615,10.8871,-0.738376,1.92399
9,76,4.11849,9.9561,4.03366,3.04055
9,77,3.15738,11.9392,-0.232068,-0.0343699
9,78,7.0369,7.95439,-0.566002,5.7388
9,79,3.49012,10.3337,4.6584,2.30675
9,80,16.3232,22.37,-0.607005,0.103646
9,81,12.3706,14.9773,2.46005,2.25946
9,82,17.869,5.87132,3.0479,-1.09364
9,83,6.41291,10.9152,2.97238,-2.3053
9,84,7.57837,20.1156,-0.13848,-1.51863
9,85,8.29583,11.29,-0.794444,-0.0959135
9,86,-1.3826,12.3149,-4.89269,-0.0509476
9,87,5.95698,10.5231,1.81398,3.1468
9,88,14.265,17.728,1.90661,0.0197004
9,89,15.0735,17.5827,-3.79342,-2.6159
9,90,9.79753,15.5236,-2.18864,-2.80433
9,91,3.50276,-7.43499,-2.77507,-9.39608
9,92,11.1038,16.7392,-2.37077,-3.64735
9,93,13.3723,19.0269,-2.69029,-2.22794
9,94,2.20512,13.5814,-5.34347,-0.7197
9,95,7.11023,13.1467,2.45422,-3.14389
9,96,3.04254,9.80198,-3.16729,-1.06495
9,97,6.6652,11.6474,1.34745,1.3318
9,98,10.6577,15.2413,1.45355,0.382747
9,99,5.29621,12.2454,-4.41673,-4.15008
10,0,4.58708,16.4911,-0.769827,-2.15414
10,1,12.1106,13.3875,4.07249,0.361333
10,2,13.1027,22.4162,0.941775,1.32836
10,3,8.1212,14.057,-1.32034,0.301611
10,4,3.71235,7.43282,-7.8277,-4.65149
10,5,5.67573,14.4411,1.75377,-0.125272
10,6,7.71127,9.64899,-5.58173,3.73083
10,7,0.434517,16.8468,-3.78503,3.7529
10,8,-8.79411,2.79205,-2.24334,-3.36218
10,9,13.2451,17.1203,-2.30948,-2.87809
10,10,6.61535,9.08529,-1.02776,-2.27507
10,11,0.673308,5.86853,-4.76918,-3.73366
10,12,11.3245,17.8659,1.56931,1.33099
10,13,6.23655,8.00075,-0.226797,1.74793
10,14,0.372496,2.83568,-2.80816,-3.42756
10,15,4.21619,12.5365,-3.57177,-0.615744
10,16,13.511,0.680716,3.47574,-8.20216
10,17,3.1189,12.6591,2.07944,-0.246857
10,18,16.1562,11.2876,2.86432,0.300849
10,19,11.1436,15.9759,1.74604,0.639367
10,20,5.08267,14.1684,1.44246,-3.7442
10,21,9.05805,23.3422,2.32754,2.37235
10,22,-0.353041,21.1313,1.11061,-3.11908
10,23,2.15021,8.33684,-1.73417,-3.5072
10,24,4.03804,7.60864,1.28,1.07258
10,25,-0.757552,19.6348,-3.56059,3.09665
10,26,9.80792,18.4195,-1.38643,1.34121
10,27,12.9523,8.98174,2.44455,-2.62284
10,28,5.90924,9.16465,3.2418,-5.01084
10,29,10.9985,14.5093,3.48317,-3.15068
10,30,5.95145,12.0838,-2.87242,-3.62003
10,31,15.332,20.4288,-2.58129,-2.72585
10,32,6.09079,8.81887,-0.0945134,-0.501549
10,33,11.519,-1.08041,-1.57928,-4.63483
10,34,6.98489,14.2618,-2.65053,-1.49002
10,35,4.22655,22.6017,-1.148,2.42823
10,36,-19.329,7.86143,-2.70476,-0.172896
10,37,4.94906,7.47575,-0.289892,-0.52082
10,38,20.0946,8.57824,5.49729,-1.84006
10,39,6.40066,8.65746,0.174374,-3.95071
10,40,7.47876,7.22752,0.264744,-2.07402
10,41,11.445,13.3232,-1.20205,-0.747614
10,42,10.2266,13.7599,-3.97116,-0.124201
10,43,2.4607,17.2808,-1.01012,2.32876
10,44,5.18902,10.063,-0.735532,-5.03691
10,45,1.41715,16.1267,0.284462,-3.23356
10,46,6.82781,10.8394,-2.27131,-0.114124
10,47,1.24078,7.31689,1.41897,1.27725
10,48,12.222,15.5883,0.0280364,-2.92022
10,49,5.48909,16.7082,-0.33665,-5.29545
10,50,-11.1332,21.4374,-0.0852816,-0.23159
10,51,7.14183,6.26653,1.94062,-6.5471
10,52,5.73899,12.3328,1.14095,0.51886
10,53,9.8649,8.96975,-0.666209,-1.27352
10,54,3.96887,12.7111,-3.17527,-2.97177
10,55,9.73838,8.41258,1.26919,-5.81189
10,56,10.8497,3.92156,-1.71136,-2.10759
10,57,4.78447,15.3422,-1.49815,1.42894
10,58,11.0328,26.2427,-0.0487776,-3.34274
10,59,5.67649,9.91863,-0.24001,0.193568
10,60,2.8112,9.84302,-0.863169,-1.44027
10,61,8.8339,13.5668,-0.812151,-0.859382
10,62,4.01188,8.41322,2.43527,-3.82941
10,63,4.81591,13.672,4.86097,-0.1677
10,64,5.75667,1.7371,-2.45361,-4.99887
10,65,5.70755,16.7873,-0.166975,1.37418
10,66,2.13451,22.1633,1.41145,-7.2319
10,67,10.2991,13.6752,0.538211,-3.9406
10,68,5.17709,12.0459,-0.731504,-0.514558
10,69,11.2405,14.1018,1.15465,0.467678
10,70,4.7554,12.4442,2.41671,-5.34085
10,71,7.28629,5.17957,-0.90492,0.992752
10,72,2.67157,14.1128,-2.29798,0.859563
10,73,9.30588,12.866,3.69343,0.760884
10,74,6.57915,12.6125,-3.6578,-4.38594
10,75,12.2216,12.4027,-0.639971,1.51566
10,76,4.987,10.5864,0.868514,0.630253
10,77,1.79422,11.0446,-1.36315,-0.894632
10,78,6.39794,12.3379,-0.638958,4.38354
10,79,6.96785,11.7168,3.47772,1.38303
10,80,14.331,20.327,-1.99215,-2.04297
10,81,11.1679,13.9422,-1.20266,-1.03508
10,82,20.0156,5.06082,2.14659,-0.810494
10,83,7.91682,9.33211,1.50391,-1.58312
10,84,7.8161,19.8416,0.237731,-0.273936
10,85,8.15016,10.7391,-0.145673,-0.55093
10,86,-5.11839,11.7092,-3.7358,-0.605754
10,87,4.53177,12.3993,-1.42521,1.8762
10,88,14.265,17.728,1.90661,0.0197004
10,89,15.0735,17.5827,-3.79342,-2.6159
10,90,9.79753,15.5236,-2.18864,-2.80433
10,91,3.50276,-7.43499,-2.77507,-9.39608
10,92,11.1038,16.7392,-2.37077,-3.64735
10,93,13.3723,19.0269,-2.69029,-2.22794
10,94,2.20512,13.5814,-5.34347,-0.7197
10,95,7.11023,13.1467,2.45422,-3.14389
10,96,3.04254,9.80198,-3.16729,-1.06495
10,97,6.6652,11.6474,1.34745,1.3318
10,98,10.6577,15.2413,1.45355,0.382747
10,99,5.29621,12.2454,-4.41673,-4.15008
11,0,4.9743,14.3697,0.387222,-2.12137
11,1,14.3673,12.9779,2.25674,-0.409544
11,2,11.6083,19.7171,-1.4944,-2.69914
11,3,5.32066,11.3003,-2.80054,-2.75666
11,4,-2.61487,3.56851,-6.32722,-3.86431
11,5,6.00336,12.6827,0.327633,-1.75842
11,6,3.94931,11.7666,-3.76196,2.1176
11,7,-1.94731,17.7739,-2.38183,0.927172
11,8,-10.4624,0.31764,-1.66827,-2.47441
11,9,10.3637,13.8259,-2.88142,-3.29435
11,10,5.8165,7.99704,-0.798856,-1.08824
11,11,-3.42216,1.24233,-4.09547,-4.62619
11,12,10.3098,16.1846,-1.01466,-1.68125
11,13,5.08953,8.24736,-1.14702,0.24661
11,14,-1.80703,0.175417,-2.17952,-2.66026
11,15,1.72608,10.8937,-2.4901,-1.64284
11,16,15.8839,-6.04761,2.37284,-6.72833
11,17,3.8617,9.80151,0.742804,-2.85759
11,18,18.3679,11.0458,2.21172,-0.241853
11,19,11.7199,15.6848,0.576244,-0.291136
11,20,5.93239,10.1314,0.849716,-4.03698
11,21,9.63451,22.4469,0.576453,-0.895316
11,22,2.08056,14.8168,2.4336,-6.31449
11,23,0.69413,4.91122,-1.45608,-3.42563
11,24,4.87144,8.21497,0.833393,0.606332
11,25,-3.10019,21.0473,-2.34264,1.41248
11,26,8.13257,18.4539,-1.67535,0.0343935
11,27,14.0328,7.11844,1.08047,-1.86331
11,28,8.07213,2.39178,2.16289,-6.77286
11,29,12.3155,11.0558,1.31698,-3.45348
11,30,3.14763,8.12512,-2.80381,-3.95871
11,31,11.8403,16.5819,-3.49172,-3.84684
11,32,5.73268,8.3013,-0.358111,-0.517575
11,33,8.49128,-4.37158,-3.0277,-3.29116
11,34,3.90348,12.8187,-3.08141,-1.44308
11,35,1.63903,23.7645,-2.58752,1.16282
11,36,-21.3819,8.8085,-2.05299,0.94707
11,37,4.47182,7.18196,-0.477241,-0.29379
11,38,22.0857,7.21258,1.99109,-1.36566
11,39,5.95566,5.32728,-0.444999,-3.33018
11,40,7.17435,5.76277,-0.30441,-1.46475
11,41,8.67811,12.9885,-2.76689,-0.334679
11,42,6.85945,12.6685,-3.36718,-1.0914
11,43,0.822188,18.9125,-1.63852,1.6317
11,44,4.9858,3.94192,-0.203216,-6.1211
11,45,0.271003,13.047,-1.14615,-3.07969
11,46,2.13655,12.017,-4.69126,1.17761
11,47,3.33795,8.72601,2.09717,1.40912
11,48,10.9807,12.3243,-1.24135,-3.26398
11,49,5.09366,12.4252,-0.395427,-4.28298
11,50,-8.35426,18.3122,2.77898,-3.1253
11,51,7.32012,1.66254,0.17829,-4.60399
11,52,10.0831,14.2703,2.66395,1.32748
11,53,2.02115,8.03999,-5.65412,-0.115952
11,54,-1.92685,7.80615,-2.42988,-2.46503
11,55,14.25,0.273631,1.98627,-3.48113
11,56,8.99835,3.73894,-1.39011,0.365907
11,57,2.23895,13.8169,-1.1355,-1.13404
11,58,8.47821,18.1737,-1.88765,-4.30617
11,59,0.835005,6.22652,-3.18385,-2.53348
11,60,2.68653,7.34429,0.287205,-0.869419
11,61,3.73934,8.69794,-2.51391,-2.47143
11,62,6.54501,1.82156,1.07199,-2.95699
11,63,8.70383,11.4079,1.49941,-1.15064
11,64,2.98046,-5.8079,-0.748087,-3.64551
11,65,4.65336,11.3017,-0.490442,-3.2765
11,66,4.16602,7.4034,0.815665,-6.57644
11,67,7.67961,1.49618,-1.72791,-6.87533
11,68,4.00191,10.1209,-0.584968,-1.33485
11,69,9.4209,11.7553,-1.55775,-1.63753
11,70,6.37983,5.33404,0.30547,-2.854
11,71,3.71709,5.7838,-1.78065,0.289763
11,72,3.66173,10.8828,1.31467,-2.13244
11,73,11.1266,10.9185,0.0407992,-1.34588
11,74,0.767034,5.25184,-2.56804,-3.25806
11,75,8.34846,12.2082,-2.29576,-0.68355
11,76,-0.101144,6.05725,-3.13339,-2.75778
11,77,-5.13956,8.33855,-4.27297,-1.39683
11,78,4.86148,17.0557,-0.766291,1.69995
11,79,10.7289,12.2568,1.28022,-0.132501
11,80,7.18045,11.0896,-3.8631,-5.13502
11,81,6.87561,10.1323,-2.73253,-2.44489
11,82,21.5982,4.22302,0.03099,-0.2066
11,83,5.5745,8.75503,-1.62133,0.029422
11,84,8.17068,19.5297,0.198226,-0.00869683
11,85,7.82198,7.29999,-0.302381,-2.02785
11,86,-7.50994,9.27878,-0.0277209,-1.51694
11,87,0.0466548,12.3031,-2.59248,-0.410915
11,88,9.42833,11.5642,-2.78568,-3.25028
11,89,7.07765,12.1379,-3.30767,-1.97269
11,90,9.73162,14.743,0.951012,0.687678
11,91,-0.394699,-16.2788,-1.63127,-3.28884
11,92,2.79868,7.9599,-3.77192,-4.00644
11,93,9.81629,14.8902,-1.42525,-1.93048
11,94,-9.21955,5.35348,-5.87945,-5.00439
11,95,7.63111,11.0662,-0.592033,0.264338
11,96,-3.20782,8.45513,-3.42216,-0.171468
11,97,7.18114,11.4436,0.0304599,-0.353696
11,98,10.3124,13.4469,-1.06423,-1.62428
11,99,2.66583,8.16673,-0.237478,-1.17392
12,0,5.24832,11.8943,0.274014,-2.47541
12,1,14.9282,12.2599,0.560875,-0.718042
12,2,9.16366,15.521,-2.44468,-4.19611
12,3,1.36498,5.67451,-3.95567,-5.62581
12,4,-7.00779,0.831484,-4.39292,-2.73703
12,5,6.19967,11.1263,0.196312,-1.55637
12,6,1.71666,12.2897,-2.23265,0.523114
12,7,-2.52771,16.3157,-0.580396,-1.45825
12,8,-11.42,0.422145,-0.957625,0.104505
12,9,5.91759,9.61448,-4.44607,-4.21144
12,10,4.97565,7.43225,-0.840848,-0.564794
12,11,-6.41943,-2.45981,-2.99727,-3.70214
12,12,9.42998,14.7653,-0.879818,-1.41933
12,13,3.50077,7.51413,-1.58875,-0.73323
12,14,-2.87937,-1.13345,-1.07234,-1.30887
12,15,0.640377,9.17764,-1.08571,-1.71606
12,16,15.9904,-9.69387,0.106526,-3.64626
12,17,3.8256,6.45413,-0.0361001,-3.34738
12,18,17.5637,8.46501,-0.804267,-2.58077
12,19,10.3245,13.6777,-1.39537,-2.00708
12,20,6.17615,6.52973,0.24376,-3.60167
12,21,8.38133,18.0826,-1.25318,-4.36429
12,22,6.41524,6.25886,4.33468,-8.55796
12,23,-2.41541,0.63087,-3.10954,-4.28034
12,24,5.24997,8.4087,0.378534,0.193727
12,25,-3.61775,20.2347,-0.517558,-0.812535
12,26,6.03207,16.4738,-2.1005,-1.98006
12,27,14.4946,5.80968,0.461862,-1.30876
12,28,8.79881,-3.78465,0.726677,-6.17643
12,29,11.9608,7.5542,-0.35467,-3.50162
12,30,0.999038,4.71054,-2.1486,-3.41458
12,31,8.64629,13.0103,-3.194,-3.57166
12,32,5.482,8.19039,-0.250683,-0.110907
12,33,3.50392,-5.63954,-4.98736,-1.26796
12,34,1.33603,11.0977,-2.56745,-1.72105
12,35,-1.67869,23.22,-3.31771,-0.544518
12,36,-18.967,9.97839,2.41491,1.1699
12,37,4.08283,7.06708,-0.38899,-0.114888
12,38,20.9159,6.02117,-1.16975,-1.19142
12,39,5.25166,3.45084,-0.704002,-1.87644
12,40,6.81936,4.85168,-0.354996,-0.911087
12,41,5.33243,13.3324,-3.34568,0.343888
12,42,4.11888,11.6735,-2.74058,-0.995021
12,43,-0.592348,19.3239,-1.41454,0.411355
12,44,5.46708,-2.4639,0.481282,-6.40582
12,45,-0.451935,10.131,-0.722938,-2.91602
12,46,-5.18522,14.6159,-7.32177,2.59883
12,47,5.00906,9.74952,1.67111,1.0235
12,48,9.32244,9.93308,-1.65825,-2.39122
12,49,4.79201,10.7869,-0.301652,-1.63833
12,50,-8.35426,18.3122,2.77898,-3.1253
12,51,7.32012,1.66254,0.17829,-4.60399
12,52,10.0831,14.2703,2.66395,1.32748
12,53,2.02115,8.03999,-5.65412,-0.115952
12,54,-1.92685,7.80615,-2.42988,-2.46503
12,55,14.25,0.273631,1.98627,-3.48113
12,56,8.99835,3.73894,-1.39011,0.365907
12,57,2.23895,13.8169,-1.1355,-1.13404
12,58,8.47821,18.1737,-1.88765,-4.30617
12,59,0.835005,6.22652,-3.18385,-2.53348
12,60,2.68653,7.34429,0.287205,-0.869419
12,61,3.73934,8.69794,-2.51391,-2.47143
12,62,6.54501,1.82156,1.07199,-2.95699
12,63,8.70383,11.4079,1.49941,-1.15064
12,64,2.98046,-5.8079,-0.748087,-3.64551
12,65,4.65336,11.3017,-0.490442,-3.2765
12,66,4.16602,7.4034,0.815665,-6.57644
12,67,7.67961,1.49618,-1.72791,-6.87533
12,68,4.00191,10.1209,-0.584968,-1.33485
12,69,9.4209,11.7553,-1.55775,-1.63753
12,70,6.37983,5.33404,0.30547,-2.854
12,71,3.71709,5.7838,-1.78065,0.289763
12,72,3.66173,10.8828,1.31467,-2.13244
12,73,11.1266,10.9185,0.0407992,-1.34588
12,74,0.767034,5.25184,-2.56804,-3.25806
12,75,8.34846,12.2082,-2.29576,-0.68355
12,76,-0.101144,6.05725,-3.13339,-2.75778
12,77,-5.13956,8.33855,-4.27297,-1.39683
12,78,4.86148,17.0557,-0.766291,1.69995
12,79,10.7289,12.2568,1.28022,-0.132501
12,80,7.18045,11.0896,-3.8631,-5.13502
12,81,6.87561,10.1323,-2.73253,-2.44489
12,82,21.5982,4.22302,0.03099,-0.2066
12,83,5.5745,8.75503,-1.62133,0.029422
12,84,8.17068,19.5297,0.198226,-0.00869683
12,85,7.82198,7.29999,-0.302381,-2.02785
12,86,-7.50994,9.27878,-0.0277209,-1.51694
12,87,0.0466548,12.3031,-2.59248,-0.410915
12,88,9.42833,11.5642,-2.78568,-3.25028
12,89,7.07765,12.1379,-3.30767,-1.97269
12,90,9.73162,14.743,0.951012,0.687678
12,91,-0.394699,-16.2788,-1.63127,-3.28884
12,92,2.79868,7.9599,-3.77192,-4.00644
12,93,9.81629,14.8902,-1.42525,-1.93048
12,94,-9.21955,5.35348,-5.87945,-5.00439
12,95,7.63111,11.0662,-0.592033,0.264338
12,96,-3.20782,8.45513,-3.42216,-0.171468
12,97,7.18114,11.4436,0.0304599,-0.353696
12,98,10.3124,13.4469,-1.06423,-1.62428
12,99,2.66583,8.16673,-0.237478,-1.17392
13,0,5.76267,9.16072,0.514354,-2.7336
13,1,13.3069,10.6691,-1.62132,-1.59078
13,2,6.5961,11.1729,-2.56756,-4.3481
13,3,-2.14718,0.213945,-3.51217,-5.46056
13,4,-8.36281,-0.136039,-1.35501,-0.967523
13,5,6.14503,9.60929,-0.0546363,-1.51701
13,6,0.634255,11.4251,-1.08241,-0.864637
13,7,-2.71039,14.7193,-0.182675,-1.59637
13,8,-12.927,2.03149,-1.50704,1.60934
13,9,2.30779,6.20781,-3.6098,-3.40667
13,10,4.40344,7.31044,-0.572208,-0.121813
13,11,-7.50014,-4.42685,-1.08071,-1.96704
13,12,6.23551,10.7693,-3.19447,-3.99598
13,13,2.18958,6.7705,-1.31119,-0.743638
13,14,-3.19055,-1.51327,-0.311187,-0.379826
13,15,0.384674,7.32438,-0.255703,-1.85326
13,16,13.6459,-9.26054,-2.34455,0.433325
13,17,3.74677,3.76145,-0.078831,-2.69268
13,18,14.9433,4.8953,-2.6204,-3.56971
13,19,8.29991,11.4066,-2.02459,-2.27118
13,20,5.87481,3.73315,-0.30134,-2.79657
13,21,6.85459,13.5955,-1.52674,-4.48708
13,22,11.7192,-3.10635,5.30391,-9.36522
13,23,-6.75068,-3.93701,-4.33527,-4.56788
13,24,5.18996,8.21631,-0.0600155,-0.192393
13,25,-3.11994,18.4102,0.497807,-1.82455
13,26,4.25885,14.2299,-1.77322,-2.24398
13,27,12.897,5.45625,-1.59759,-0.353426
13,28,8.42297,-8.8688,-0.375832,-5.08416
13,29,11.0305,4.72058,-0.930357,-2.83362
13,30,-0.160944,2.61957,-1.15998,-2.09097
13,31,5.75919,9.73926,-2.8871,-3.27099
13,32,5.17611,8.11497,-0.305896,-0.0754232
13,33,-0.521343,-5.35156,-4.02526,0.287982
13,34,-0.416387,9.41103,-1.75242,-1.68665
13,35,-4.69873,22.7902,-3.02005,-0.42981
13,36,-13.6257,11.3834,5.34137,1.405
13,37,3.89754,7.29294,-0.185288,0.225859
13,38,16.4995,5.50115,-4.41641,-0.520014
13,39,4.47429,2.9691,-0.777369,-0.481745
13,40,5.99211,4.58498,-0.827253,-0.266704
13,41,1.46349,14.3364,-3.86895,1.004
13,42,3.41491,9.71951,-0.703963,-1.95399
13,43,-1.94059,19.3731,-1.34824,0.0492632
13,44,5.47649,-5.97507,0.00940538,-3.51117
13,45,-0.632134,7.47437,-0.180199,-2.65662
13,46,-10.5515,16.085,-5.36632,1.46911
13,47,6.0965,10.28,1.08743,0.53045
13,48,7.6113,8.62402,-1.71114,-1.30906
13,49,4.58147,11.2484,-0.210543,0.461507
13,50,-0.269492,10.4303,4.48179,-4.30031
13,51,5.86627,-2.68726,-0.901019,-1.39645
13,52,14.9936,15.9888,2.44084,0.794019
13,53,-11.0241,8.4946,-5.79133,0.202571
13,54,-4.23543,4.39184,-0.793999,-1.50462
13,55,16.7733,-0.691355,0.680619,0.126661
13,56,9.53624,7.55131,0.89195,2.39457
13,57,1.03005,10.7444,-0.416765,-1.58895
13,58,3.63607,11.9663,-2.25449,-2.12177
13,59,-3.97891,2.20525,-2.13851,-1.87071
13,60,3.68628,6.70472,0.441023,-0.323427
13,61,-0.207151,4.73117,-1.78388,-1.7672
13,62,4.92769,-0.707988,-0.943938,-0.590416
13,63,8.61184,8.65179,-0.754768,-1.58611
13,64,1.93528,-9.67547,-0.457994,-1.63176
13,65,3.48292,3.7775,-0.591342,-3.41833
13,66,4.19505,1.53415,-0.129792,-2.01323
13,67,4.60007,-9.45732,-1.11649,-5.5791
13,68,3.2495,7.23177,-0.325956,-1.4773
13,69,4.15953,7.3046,-2.77492,-2.19571
13,70,4.58628,3.90543,-1.40863,0.328462
13,71,1.06516,6.31671,-1.15723,0.23837
13,72,8.32111,5.29644,2.2025,-2.74102
13,73,7.47605,7.57355,-1.89306,-1.5708
13,74,-0.962825,2.62069,-0.274698,-0.675105
13,75,3.79088,9.32084,-2.20859,-1.70873
13,76,-5.62661,0.984148,-2.28157,-2.1773
13,77,-14.8359,5.67132,-4.41109,-1.32821
13,78,3.54288,14.7853,-0.47934,-1.47783
13,79,8.70677,9.58009,-1.7866,-1.65944
13,80,1.99326,3.94915,-2.23452,-3.09776
13,81,1.75993,5.35778,-2.37659,-2.25553
13,82,14.1088,5.12728,-4.69677,0.606676
13,83,2.19281,9.89121,-1.91716,0.984142
13,84,7.59134,17.8658,-0.283313,-0.72156
13,85,9.07275,3.49878,0.724501,-1.82593
13,86,-2.79711,6.41573,2.60467,-1.20074
13,87,-2.75071,10.7805,-0.741492,-1.15896
13,88,3.06849,5.36594,-2.86277,-2.77355
13,89,2.61365,9.1145,-2.11205,-1.73814
13,90,12.8823,17.4276,1.29299,1.02786
13,91,-0.247402,-10.7094,0.732895,5.17865
13,92,-2.95596,4.57488,-2.28296,-0.889254
13,93,7.67604,11.6034,-1.07106,-1.641
13,94,-11.8735,-0.894771,-0.381172,-2.42308
13,95,5.59649,13.3909,-1.10972,0.656117
13,96,-7.50675,8.57014,-1.35707,0.0173142
13,97,5.82302,9.34178,-0.886357,-1.24025
13,98,5.55423,8.70013,-2.54543,-2.35514
13,99,6.44316,9.85851,2.62425,1.6652
14,0,6.11461,6.5331,0.351938,-2.62762
14,1,9.69136,8.85856,-3.61551,-1.81057
14,2,3.59601,6.23384,-3.00009,-4.93901
14,3,-4.36149,-3.53795,-2.21431,-3.75189
14,4,-9.07819,-0.705374,-0.715389,-0.569335
14,5,5.65552,7.92889,-0.489518,-1.6804
14,6,0.963177,9.3453,0.328922,-2.07976
14,7,-1.94398,12.7391,0.766403,-1.98022
14,8,-14.6866,3.73417,-1.75958,1.70269
14,9,-0.535126,3.56524,-2.84291,-2.64257
14,10,4.1263,7.85705,-0.277145,0.546614
14,11,-7.65855,-6.05387,-0.158407,-1.62702
14,12,1.85965,5.65411,-4.37586,-5.1152
14,13,1.33074,6.08574,-0.858843,-0.684755
14,14,-2.7494,-0.974809,0.441159,0.538466
14,15,0.935378,5.80702,0.550704,-1.51735
14,16,11.3579,-7.86469,-2.28795,1.39586
14,17,3.62381,1.98663,-0.122961,-1.77482
14,18,11.8585,1.99481,-3.08472,-2.90049
14,19,5.5099,8.7836,-2.79002,-2.62295
14,20,5.42916,2.12088,-0.445645,-1.61227
14,21,5.58242,9.9045,-1.27217,-3.69102
14,22,15.7828,-10.4206,4.06362,-7.31425
14,23,-10.1328,-7.00273,-3.38211,-3.06572
14,24,4.62567,7.6137,-0.564288,-0.602609
14,25,-0.981467,14.352,2.13847,-4.05821
14,26,2.82411,12.1769,-1.43474,-2.05295
14,27,9.13347,6.11178,-3.76357,0.655526
14,28,7.43075,-13.4705,-0.99222,-4.6017
14,29,8.92087,3.32841,-2.10962,-1.39217
14,30,-0.235447,2.04345,-0.0745033,-0.576122
14,31,3.26835,6.87246,-2.49084,-2.86681
14,32,4.68396,7.99997,-0.492147,-0.114999
14,33,-3.0898,-3.48684,-2.56846,1.86472
14,34,-1.66528,9.10872,-1.24889,-0.302314
14,35,-6.91989,21.1064,-2.22116,-1.68375
14,36,-7.28021,12.1681,6.34547,0.784691
14,37,3.75638,7.53437,-0.141162,0.241439
14,38,11.5642,5.17049,-4.93529,-0.330659
14,39,3.75081,2.8481,-0.723483,-0.120993
14,40,4.90672,5.13799,-1.08538,0.553017
14,41,-1.83418,14.8966,-3.29766,0.56018
14,42,3.53692,7.72937,0.122008,-1.99014
14,43,-2.82626,18.8797,-0.885667,-0.493375
14,44,5.94518,-8.80258,0.468688,-2.82751
14,45,-0.486746,5.83833,0.145388,-1.63603
14,46,-14.2634,16.8678,-3.71188,0.782839
14,47,6.75734,10.4163,0.660844,0.136308
14,48,5.75055,8.22508,-1.86075,-0.398939
14,49,4.56661,13.8626,-0.0148635,2.61426
14,50,-0.269492,10.4303,4.48179,-4.30031
14,51,5.86627,-2.68726,-0.901019,-1.39645
14,52,14.9936,15.9888,2.44084,0.794019
14,53,-11.0241,8.4946,-5.79133,0.202571
14,54,-4.23543,4.39184,-0.793999,-1.50462
14,55,16.7733,-0.691355,0.680619,0.126661
14,56,9.53624,7.55131,0.89195,2.39457
14,57,1.03005,10.7444,-0.416765,-1.58895
14,58,3.63607,11.9663,-2.25449,-2.12177
14,59,-3.97891,2.20525,-2.13851,-1.87071
14,60,3.68628,6.70472,0.441023,-0.323427
14,61,-0.207151,4.73117,-1.78388,-1.7672
14,62,4.92769,-0.707988,-0.943938,-0.590416
14,63,8.61184,8.65179,-0.754768,-1.58611
14,64,1.93528,-9.67547,-0.457994,-1.63176
14,65,3.48292,3.7775,-0.591342,-3.41833
14,66,4.19505,1.53415,-0.129792,-2.01323
14,67,4.60007,-9.45732,-1.11649,-5.5791
14,68,3.2495,7.23177,-0.325956,-1.4773
14,69,4.15953,7.3046,-2.77492,-2.19571
14,70,4.58628,3.90543,-1.40863,0.328462
14,71,1.06516,6.31671,-1.15723,0.23837
14,72,8.32111,5.29644,2.2025,-2.74102
14,73,7.47605,7.57355,-1.89306,-1.5708
14,74,-0.962825,2.62069,-0.274698,-0.675105
14,75,3.79088,9.32084,-2.20859,-1.70873
14,76,-5.62661,0.984148,-2.28157,-2.1773
14,77,-14.8359,5.67132,-4.41109,-1.32821
14,78,3.54288,14.7853,-0.47934,-1.47783
14,79,8.70677,9.58009,-1.7866,-1.65944
14,80,1.99326,3.94915,-2.23452,-3.09776
14,81,1.75993,5.35778,-2.37659,-2.25553
14,82,14.1088,5.12728,-4.69677,0.606676
14,83,2.19281,9.89121,-1.91716,0.984142
14,84,7.59134,17.8658,-0.283313,-0.72156
14,85,9.07275,3.49878,0.724501,-1.82593
14,86,-2.79711,6.41573,2.60467,-1.20074
14,87,-2.75071,10.7805,-0.741492,-1.15896
14,88,3.06849,5.36594,-2.86277,-2.77355
14,89,2.61365,9.1145,-2.11205,-1.73814
14,90,12.8823,17.4276,1.29299,1.02786
14,91,-0.247402,-10.7094,0.732895,5.17865
14,92,-2.95596,4.57488,-2.28296,-0.889254
14,93,7.67604,11.6034,-1.07106,-1.641
14,94,-11.8735,-0.894771,-0.381172,-2.42308
14,95,5.59649,13.3909,-1.10972,0.656117
14,96,-7.50675,8.57014,-1.35707,0.0173142
14,97,5.82302,9.34178,-0.886357,-1.24025
14,98,5.55423,8.70013,-2.54543,-2.35514
14,99,6.44316,9.85851,2.62425,1.6652
15,0,6.66332,4.59113,0.548705,-1.94197
15,1,5.82866,7.08744,-3.8627,-1.77112
15,2,0.946181,1.95754,-2.64983,-4.2763
15,3,-6.28312,-7.15086,-1.92163,-3.61291
15,4,-6.18148,0.889329,2.89671,1.5947
15,5,5.26789,6.76221,-0.387622,-1.16668
15,6,3.24626,6.37279,2.28309,-2.97251
15,7,-0.770845,10.5587,1.17314,-2.18038
15,8,-15.7842,5.88076,-1.09762,2.14658
15,9,-2.10079,2.09254,-1.56566,-1.4727
15,10,3.88198,8.30174,-0.244321,0.444686
15,11,-5.90785,-7.0264,1.7507,-0.972524
15,12,-2.06458,1.19081,-3.92423,-4.4633
15,13,0.874169,5.60642,-0.456568,-0.479324
15,14,-1.81335,0.167705,0.936048,1.14251
15,15,2.74109,5.42092,1.80571,-0.3861
15,16,9.57189,-6.56605,-1.78602,1.29864
15,17,3.45511,1.42345,-0.168702,-0.563179
15,18,9.11241,-0.332317,-2.74614,-2.32712
15,19,3.11338,6.729,-2.39652,-2.05461
15,20,4.67362,1.83933,-0.755544,-0.28155
15,21,4.47487,6.97474,-1.10755,-2.92976
15,22,18.5458,-15.4396,2.76306,-5.01901
15,23,-14.1674,-10.1062,-4.03458,-3.10344
15,24,3.81276,6.8457,-0.81291,-0.768001
15,25,0.905568,10.7842,1.88703,-3.56783
15,26,2.07888,9.73154,-0.745237,-2.44536
15,27,5.79115,6.64463,-3.34232,0.532855
15,28,5.89205,-14.0369,-1.5387,-0.566426
15,29,6.66922,2.71768,-2.25166,-0.610733
15,30,-0.0583417,1.89052,0.177105,-0.152927
15,31,1.27554,4.57808,-1.9928,-2.29437
15,32,4.23746,7.87544,-0.446499,-0.124523
15,33,-4.39249,-2.02799,-1.30269,1.45885
15,34,-2.06513,8.96874,-0.399853,-0.139977
15,35,-9.31321,19.7431,-2.39331,-1.36338
15,36,-3.00417,13.2421,4.27604,1.07401
15,37,3.78353,7.99609,0.0271532,0.46172
15,38,6.2539,5.7153,-5.31035,0.544809
15,39,3.14547,3.40349,-0.605336,0.555383
15,40,3.77213,5.79908,-1.13459,0.661084
15,41,-4.59938,15.7466,-2.76521,0.850008
15,42,4.2979,5.95978,0.760981,-1.7696
15,43,-2.78189,16.9037,0.0443623,-1.97603
15,44,6.42146,-9.8531,0.476285,-1.05052
15,45,-0.138139,5.1277,0.348606,-0.71063
15,46,-17.6083,18.1058,-3.34491,1.23795
15,47,6.6458,9.78195,-0.111535,-0.634328
15,48,3.9565,7.94294,-1.79405,-0.282138
15,49,4.60809,17.1342,0.0414806,3.27156
15,50,6.20444,4.40621,2.86823,-2.72821
15,51,4.17922,-1.99414,-0.892374,1.46914
15,52,19.1716,17.7368,2.02022,0.949853
15,53,-18.4722,9.02002,-3.05155,0.345355
15,54,-2.84363,3.2208,0.644253,-0.420984
15,55,19.684,1.69904,0.825946,1.23542
15,56,8.64743,10.2719,-0.730556,0.981623
15,57,1.63765,7.00728,0.455607,-1.79805
15,58,0.409113,8.62719,-1.35451,-1.21332
15,59,-5.16035,0.594124,0.183992,-0.266704
15,60,4.108,6.20814,0.129196,-0.205485
15,61,-1.95445,3.15059,-0.74049,-0.569494
15,62,3.26071,0.457937,-0.716963,0.653334
15,63,1.67181,6.51228,-3.82875,-0.7846
15,64,1.88996,-5.36152,0.0815297,2.80931
15,65,2.81733,0.524597,-0.244201,-0.895554
15,66,3.24256,3.82251,-0.624938,2.46984
15,67,3.96645,-12.331,0.0248864,0.14359
15,68,3.2405,5.56876,-0.00536358,-0.740067
15,69,0.374848,4.56731,-1.42353,-0.889249
15,70,1.4926,6.63126,-1.34668,1.2877
15,71,0.512811,6.55936,-0.201204,0.104069
15,72,11.7247,1.58288,1.32696,-1.39422
15,73,4.17151,5.98741,-1.47597,-0.620232
15,74,0.846617,3.95779,1.19907,0.960923
15,75,0.663512,6.48243,-1.34153,-1.24167
15,76,-8.73383,-1.47642,-1.30373,-0.899445
15,77,-20.0115,4.21412,-1.4336,-0.449627
15,78,3.08897,9.46714,-0.100236,-3.03798
15,79,5.05406,7.202,-2.01563,-1.07011
15,80,0.805491,2.01685,0.276558,0.0929204
15,81,-2.13382,1.86545,-1.76007,-1.52296
15,82,5.10726,6.35212,-4.03919,0.54733
15,83,-1.77644,13.4658,-1.66416,1.41299
15,84,6.78584,16.1389,-0.764447,-1.81895
15,85,10.4121,1.3521,0.383261,-0.647309
15,86,3.10524,4.75894,2.68355,-0.667237
15,87,-1.00885,7.79171,0.979533,-1.30505
15,88,-0.383374,2.18584,-1.16324,-0.973945
15,89,1.8857,8.09482,0.152714,-0.295813
15,90,13.7108,17.7423,0.721349,0.559201
15,91,1.74646,-1.02621,1.03839,4.36437
15,92,-3.82781,5.97661,-0.152465,0.778783
15,93,7.84701,11.0336,0.423679,0.123309
15,94,-6.66872,-1.19628,2.58532,0.202214
15,95,3.73265,12.101,-0.817201,-1.10849
15,96,-7.56671,8.79909,-0.0861528,0.301816
15,97,3.80987,6.89763,-0.93156,-1.08868
15,98,1.29602,5.07987,-1.89277,-1.6212
15,99,10.8616,12.8616,1.99229,1.36737
16,0,7.45953,3.47998,0.796218,-1.11115
16,1,1.17475,5.59696,-4.65391,-1.49048
16,2,-0.935669,-1.01679,-1.88185,-2.97434
16,3,-7.55021,-9.83487,-1.26709,-2.68402
16,4,-2.8978,2.71976,3.28368,1.83043
16,5,4.95384,6.23477,-0.314052,-0.527439
16,6,5.06292,3.97839,1.81666,-2.39439
16,7,0.891122,8.09032,1.66197,-2.46838
16,8,-16.0948,7.60947,-0.310546,1.72871
16,9,-2.94652,1.27413,-0.845733,-0.818408
16,10,4.34205,9.91938,0.460078,1.61764
16,11,-4.62111,-9.31204,1.28674,-2.28564
16,12,-4.67464,-1.81581,-2.61005,-3.00662
16,13,1.01426,5.46343,0.140092,-0.142987
16,14,-0.220407,2.112,1.59294,1.9443
16,15,4.25392,5.24285,1.51283,-0.178074
16,16,7.85938,-4.95766,-1.71252,1.60839
16,17,3.32823,1.87775,-0.126879,0.4543
16,18,6.90264,-2.11638,-2.20977,-1.78406
16,19,1.19933,5.06336,-1.91404,-1.66564
16,20,3.73176,3.58046,-0.941857,1.74113
16,21,3.57059,4.6245,-0.904274,-2.35024
16,22,19.7603,-17.7869,1.21445,-2.34731
16,23,-18.2572,-13.0185,-4.0898,-2.91237
16,24,3.03572,6.11484,-0.777037,-0.730862
16,25,2.44025,7.93193,1.53468,-2.85223
16,26,2.40458,8.03038,0.325707,-1.70116
16,27,2.80064,6.97444,-2.99052,0.329812
16,28,3.87225,-10.8007,-2.0198,3.23619
16,29,5.11325,3.36972,-1.55597,0.652049
16,30,0.507642,2.41277,0.565984,0.522246
16,31,-0.000965497,3.07677,-1.27651,-1.50131
16,32,3.83004,7.70999,-0.407416,-0.165451
16,33,-4.52571,-0.955526,-0.133218,1.07247
16,34,-1.31923,8.49918,0.745897,-0.469561
16,35,-9.20953,16.3703,0.103673,-3.37278
16,36,0.0355127,14.0703,3.03969,0.828211
16,37,4.01423,8.74919,0.230703,0.753095
16,38,1.4567,6.91119,-4.7972,1.19589
16,39,2.86789,4.98528,-0.277575,1.5818
16,40,2.91656,6.45713,-0.855573,0.658052
16,41,-6.76727,16.647,-2.16789,0.900426
16,42,5.02024,4.55853,0.722332,-1.40125
16,43,-2.47448,14.8776,0.307417,-2.02608
16,44,6.88037,-10.4528,0.458909,-0.599742
16,45,0.731728,5.51342,0.869867,0.385712
16,46,-21.5042,20.3487,-3.89589,2.24296
16,47,6.04886,8.79665,-0.596942,-0.985296
16,48,2.87047,8.38673,-1.08603,0.44379
16,49,4.73579,20.8099,0.127701,3.6757
16,50,8.03731,2.59242,1.83287,-1.81379
16,51,3.53493,0.610358,-0.644286,2.6045
16,52,20.8432,18.7639,1.67163,1.02711
16,53,-20.4957,9.2937,-2.0235,0.273673
16,54,-1.81217,3.16057,1.03146,-0.0602348
16,55,18.4371,3.21396,-1.24691,1.51493
16,56,7.11228,10.0925,-1.53515,-0.179445
16,57,2.62892,6.05901,0.991274,-0.948266
16,58,-0.213425,8.66644,-0.622538,0.0392557
16,59,-4.67168,0.634563,0.488674,0.0404387
16,60,4.19484,6.05749,0.0868454,-0.150645
16,61,-2.02775,3.42985,-0.0733029,0.279264
16,62,2.74039,1.87716,-0.52032,1.41923
16,63,-2.45082,6.34821,-4.12263,-0.164074
16,64,2.04398,-2.51542,0.154022,2.8461
16,65,2.71228,0.701988,-0.105044,0.177392
16,66,2.6077,7.08856,-0.634867,3.26605
16,67,4.34689,-12.1149,0.380443,0.216074
16,68,3.22706,5.08979,-0.013439,-0.478976
16,69,-0.207829,4.25773,-0.582676,-0.309583
16,70,0.665641,7.59823,-0.826958,0.96697
16,71,0.682603,6.57416,0.169791,0.0148043
16,72,12.5837,1.12073,0.859014,-0.462155
16,73,3.1239,6.10264,-1.04761,0.115223
16,74,1.93919,4.9035,1.09257,0.945703
16,75,-0.00684063,5.50854,-0.670353,-0.973886
16,76,-8.2262,-1.02372,0.507626,0.452702
16,77,-20.4413,4.18142,-0.429877,-0.0327008
16,78,3.21138,6.7008,0.12241,-2.76634
16,79,3.23585,6.24579,-1.81821,-0.956212
16,80,1.31587,2.40786,0.510382,0.391007
16,81,-2.92247,1.23732,-0.78865,-0.628128
16,82,1.99481,6.75476,-3.11245,0.402635
16,83,-2.45884,13.7276,-0.682397,0.261813
16,84,6.56549,15.9537,-0.220355,-0.185225
16,85,10.9009,1.03569,0.488817,-0.316413
16,86,4.72678,4.55792,1.62154,-0.201022
16,87,-0.131198,6.96269,0.877654,-0.829015
16,88,-0.785435,1.95685,-0.402061,-0.228984
16,89,3.5973,9.44677,1.7116,1.35195
16,90,13.8069,17.7358,0.0960762,-0.00645832
16,91,2.76452,2.75427,1.01806,3.78047
16,92,-3.51078,7.03231,0.317033,1.0557
16,93,7.9439,10.9128,0.0968907,-0.120792
16,94,-3.44668,-0.0822191,3.22204,1.11406
16,95,3.16306,10.7945,-0.569592,-1.30657
16,96,-6.6099,9.4278,0.956806,0.628718
16,97,3.20788,6.34001,-0.601994,-0.557616
16,98,0.0998689,3.99713,-1.19615,-1.08273
16,99,12.2161,14.0173,1.35459,1.15568
17,0,9.08585,3.58744,1.62631,0.107461
17,1,-3.19092,4.67786,-4.36567,-0.9191
17,2,-2.23427,-3.1221,-1.2986,-2.10531
17,3,-8.43433,-11.8149,-0.884116,-1.98003
17,4,0.590168,4.68627,3.48797,1.96651
17,5,4.65298,6.13905,-0.300862,-0.0957192
17,6,6.17753,2.49102,1.1146,-1.48738
17,7,3.37913,5.7902,2.488,-2.30012
17,8,-15.3294,8.87609,0.765344,1.26662
17,9,-3.39916,1.04389,-0.452644,-0.230244
17,10,5.05436,11.708,0.712302,1.78858
17,11,-2.82627,-10.7258,1.79484,-1.4138
17,12,-6.28548,-3.52149,-1.61085,-1.70568
17,13,1.51674,5.53827,0.502478,0.0748386
17,14,1.68627,4.43923,1.90667,2.32723
17,15,5.37524,5.15949,1.12132,-0.0833624
17,16,5.79561,-1.95123,-2.06377,3.00642
17,17,3.2208,2.85722,-0.107435,0.979471
17,18,5.27531,-2.28482,-1.62733,-0.168435
17,19,0.0456289,3.96386,-1.15371,-1.0995
17,20,2.93433,5.9417,-0.797428,2.36124
17,21,3.09002,3.72297,-0.480573,-0.901528
17,22,19.9085,-18.1077,0.148222,-0.320762
17,23,-21.4189,-15.2493,-3.16169,-2.23081
17,24,2.43003,5.54647,-0.60569,-0.568368
17,25,3.72937,5.56442,1.28912,-2.36751
17,26,3.02163,6.61486,0.617046,-1.41552
17,27,1.01402,7.12141,-1.78662,0.146961
17,28,2.10572,-7.43388,-1.76653,3.36686
17,29,3.57128,4.34399,-1.54197,0.974265
17,30,1.29034,3.41318,0.782696,1.00041
17,31,-0.492718,2.45022,-0.491753,-0.626556
17,32,3.6941,7.85034,-0.135948,0.140347
17,33,-2.75453,0.599854,1.77118,1.55538
17,34,-0.550653,8.78447,0.768578,0.285291
17,35,-9.45148,14.0082,-0.241949,-2.36209
17,36,1.53002,14.0159,1.49451,-0.0544355
17,37,4.26169,9.45918,0.247458,0.709991
17,38,-2.12603,8.03637,-3.58273,1.12518
17,39,2.95043,6.95923,0.0825387,1.97395
17,40,2.24726,6.97245,-0.669306,0.515318
17,41,-8.04337,17.5072,-1.2761,0.860127
17,42,6.68793,3.62458,1.6677,-0.933945
17,43,-1.87161,12.7388,0.602867,-2.1388
17,44,7.05329,-9.94629,0.172916,0.506549
17,45,1.51153,6.01081,0.7798,0.497389
17,46,-20.9224,20.3295,0.581788,-0.0191839
17,47,5.34231,7.851,-0.706557,-0.94565
17,48,2.16815,8.56841,-0.702321,0.181673
17,49,4.75884,23.0338,0.0230583,2.22393
17,50,8.03731,2.59242,1.83287,-1.81379
17,51,3.53493,0.610358,-0.644286,2.6045
17,52,20.8432,18.7639,1.67163,1.02711
17,53,-20.4957,9.2937,-2.0235,0.273673
17,54,-1.81217,3.16057,1.03146,-0.0602348
17,55,18.4371,3.21396,-1.24691,1.51493
17,56,7.11228,10.0925,-1.53515,-0.179445
17,57,2.62892,6.05901,0.991274,-0.948266
17,58,-0.213425,8.66644,-0.622538,0.0392557
17,59,-4.67168,0.634563,0.488674,0.0404387
17,60,4.19484,6.05749,0.0868454,-0.150645
17,61,-2.02775,3.42985,-0.0733029,0.279264
17,62,2.74039,1.87716,-0.52032,1.41923
17,63,-2.45082,6.34821,-4.12263,-0.164074
17,64,2.04398,-2.51542,0.154022,2.8461
17,65,2.71228,0.701988,-0.105044,0.177392
17,66,2.6077,7.08856,-0.634867,3.26605
17,67,4.34689,-12.1149,0.380443,0.216074
17,68,3.22706,5.08979,-0.013439,-0.478976
17,69,-0.207829,4.25773,-0.582676,-0.309583
17,70,0.665641,7.59823,-0.826958,0.96697
17,71,0.682603,6.57416,0.169791,0.0148043
17,72,12.5837,1.12073,0.859014,-0.462155
17,73,3.1239,6.10264,-1.04761,0.115223
17,74,1.93919,4.9035,1.09257,0.945703
17,75,-0.00684063,5.50854,-0.670353,-0.973886
17,76,-8.2262,-1.02372,0.507626,0.452702
17,77,-20.4413,4.18142,-0.429877,-0.0327008
17,78,3.21138,6.7008,0.12241,-2.76634
17,79,3.23585,6.24579,-1.81821,-0.956212
17,80,1.31587,2.40786,0.510382,0.391007
17,81,-2.92247,1.23732,-0.78865,-0.628128
17,82,1.99481,6.75476,-3.11245,0.402635
17,83,-2.45884,13.7276,-0.682397,0.261813
17,84,6.56549,15.9537,-0.220355,-0.185225
17,85,10.9009,1.03569,0.488817,-0.316413
17,86,4.72678,4.55792,1.62154,-0.201022
17,87,-0.131198,6.96269,0.877654,-0.829015
17,88,-0.785435,1.95685,-0.402061,-0.228984
17,89,3.5973,9.44677,1.7116,1.35195
17,90,13.8069,17.7358,0.0960762,-0.00645832
17,91,2.76452,2.75427,1.01806,3.78047
17,92,-3.51078,7.03231,0.317033,1.0557
17,93,7.9439,10.9128,0.0968907,-0.120792
17,94,-3.44668,-0.0822191,3.22204,1.11406
17,95,3.16306,10.7945,-0.569592,-1.30657
17,96,-6.6099,9.4278,0.956806,0.628718
17,97,3.20788,6.34001,-0.601994,-0.557616
17,98,0.0998689,3.99713,-1.19615,-1.08273
17,99,12.2161,14.0173,1.35459,1.15568
18,0,10.1845,4.96636,1.09861,1.37892
18,1,-6.46313,4.34872,-3.27221,-0.329142
18,2,-2.61746,-3.75846,-0.383194,-0.636355
18,3,-6.91044,-9.98396,1.52388,1.83095
18,4,2.99,6.05023,2.39983,1.36396
18,5,4.25133,6.60144,-0.401646,0.462386
18,6,6.78082,1.67966,0.603296,-0.811362
18,7,5.3602,3.97235,1.98107,-1.81786
18,8,-12.8818,9.51169,2.44759,0.635605
18,9,-3.02358,1.81057,0.375586,0.766685
18,10,5.59811,12.853,0.543751,1.14506
18,11,-1.54761,-12.3498,1.27866,-1.624
18,12,-7.12567,-4.27274,-0.840188,-0.751252
18,13,2.11695,5.73938,0.600207,0.201107
18,14,3.53645,6.69751,1.85018,2.25828
18,15,5.70301,5.27532,0.327778,0.115831
18,16,3.86791,1.57187,-1.9277,3.52311
18,17,3.18283,4.30703,-0.0379643,1.44981
18,18,3.74577,-0.793817,-1.52954,1.491
18,19,-0.366005,3.50877,-0.411634,-0.455089
18,20,2.33232,7.8776,-0.602008,1.9359
18,21,3.02421,4.02457,-0.065805,0.301607
18,22,17.9943,-14.7654,-1.91422,3.34228
18,23,-22.0693,-15.3946,-0.650493,-0.14529
18,24,1.97922,5.12388,-0.45081,-0.422583
18,25,4.68023,3.83493,0.950866,-1.72948
18,26,3.52088,5.47003,0.499253,-1.14483
18,27,0.636727,7.01758,-0.37729,-0.103821
18,28,0.830084,-3.86502,-1.27564,3.56886
18,29,2.58245,5.47358,-0.98883,1.12959
18,30,2.5139,5.20207,1.22356,1.78889
18,31,-0.106685,2.77032,0.386033,0.320105
18,32,3.75473,8.19585,0.0606307,0.345513
18,33,-0.739532,2.19464,2.015,1.59479
18,34,0.460478,8.83875,1.01113,0.0542741
18,35,-7.97162,11.4554,1.47986,-2.55283
18,36,1.21504,13.807,-0.314981,-0.20891
18,37,4.44876,9.88959,0.187068,0.430408
18,38,-4.38069,9.05906,-2.25467,1.02269
18,39,3.09736,8.67278,0.14693,1.71354
18,40,1.86861,7.26546,-0.378641,0.29301
18,41,-8.79056,18.1474,-0.747185,0.640255
18,42,8.05097,3.34814,1.36303,-0.276442
18,43,-1.05643,10.7724,0.815177,-1.96641
18,44,7.20694,-8.17216,0.153652,1.77413
18,45,2.0853,6.97029,0.573771,0.959488
18,46,-20.301,20.8976,0.621474,0.568019
18,47,4.60161,7.07983,-0.740696,-0.771165
18,48,1.78123,8.41848,-0.386924,-0.14993
18,49,4.81181,24.8878,0.0529659,1.85399
18,50,8.09742,2.16238,-0.264018,0.0893238
18,51,3.23978,4.63386,-0.00297828,1.86327
18,52,16.9196,16.2447,-2.70324,-1.70261
18,53,-16.2304,9.29461,1.78055,0.180252
18,54,0.743112,4.54832,1.07139,0.744695
18,55,10.6992,6.18331,-4.27181,1.41821
18,56,4.75734,8.44838,-1.14207,-1.2125
18,57,4.10206,4.79512,0.628245,-0.524481
18,58,0.220798,12.0385,0.633482,1.51845
18,59,-0.920757,3.03693,2.04531,1.36796
18,60,4.11093,5.9685,-0.0703282,-0.0266493
18,61,-1.32592,4.6702,0.332942,0.685279
18,62,2.94456,4.63998,0.299449,1.36303
18,63,-9.27743,7.69255,-3.17113,0.873415
18,64,2.82908,4.3952,0.409844,3.4648
18,65,2.96704,3.85957,0.169537,1.9275
18,66,1.96501,11.0285,-0.198261,1.41847
18,67,6.21214,-12.5932,0.981275,0.0329463
18,68,3.19126,5.07473,-0.0166247,0.117375
18,69,1.41544,6.12211,1.0618,1.151
18,70,0.47044,8.27559,0.174793,0.089325
18,71,2.34628,6.36902,0.923359,-0.114771
18,72,11.5628,1.68978,-0.5059,0.281284
18,73,1.74466,6.31448,-0.549712,0.0954158
18,74,3.85813,6.74866,0.85455,0.823291
18,75,0.421681,4.59161,0.332504,-0.336101
18,76,-5.88873,0.792428,1.25031,0.993024
18,77,-17.4436,4.86679,2.30427,0.382118
18,78,3.48699,3.22815,0.171038,-1.26928
18,79,0.687846,4.9178,-1.08536,-0.565566
18,80,3.15365,4.8753,1.01114,1.39506
18,81,-1.60876,2.52785,0.985799,0.95219
18,82,-1.15386,7.10147,-0.809743,0.0451032
18,83,-0.798207,10.8479,1.19986,-1.80838
18,84,6.80356,17.343,0.373431,1.40862
18,85,9.26878,2.76946,-1.22669,1.18177
18,86,5.36727,5.21931,-0.349683,0.485532
18,87,2.31993,6.47784,1.16691,-0.0696926
18,88,0.564387,3.51136,1.0037,1.08194
18,89,8.78181,14.4193,2.93061,2.89396
18,90,12.6774,16.6448,-0.547517,-0.437548
18,91,4.31075,7.54927,0.678636,2.14749
18,92,-1.0045,9.6372,1.69398,1.06526
18,93,9.84853,12.8848,0.878797,0.920773
18,94,3.36374,4.67046,3.16059,2.38844
18,95,2.75678,8.11256,-0.155615,-1.48955
18,96,-4.32744,11.2303,0.837849,0.972467
18,97,2.43321,5.60948,-0.291434,-0.279808
18,98,-0.764512,3.09451,-0.209152,-0.261539
18,99,14.7378,17.0047,1.63082,1.93988
19,0,10.67,6.54381,0.485508,1.57745
19,1,-8.61513,4.29344,-2.152,-0.055278
19,2,-1.83866,-2.42238,0.778805,1.33608
19,3,-5.73732,-8.86675,1.17313,1.11721
19,4,4.91288,7.14477,1.92288,1.09454
19,5,3.95198,7.26423,-0.299354,0.662795
19,6,6.38027,2.16447,-0.40055,0.484816
19,7,6.76261,2.69083,1.40241,-1.28151
19,8,-7.93205,9.33738,4.94979,-0.174309
19,9,-1.48819,3.87208,1.53538,2.06151
19,10,6.09435,13.5931,0.496247,0.740108
19,11,-0.247045,-12.1344,1.30057,0.215445
19,12,-6.84977,-3.59921,0.275902,0.673531
19,13,2.75028,6.07985,0.633333,0.340475
19,14,4.95514,8.42912,1.41869,1.73161
19,15,5.69167,5.46393,-0.0113482,0.188617
19,16,2.78814,3.95532,-1.07977,2.38345
19,17,3.20147,5.88097,0.0186412,1.57394
19,18,2.88775,1.38346,-0.858018,2.17728
19,19,-0.433987,3.3662,-0.0679817,-0.142566
19,20,1.94576,9.18278,-0.386568,1.30517
19,21,3.00603,4.70806,-0.0181841,0.683482
19,22,16.5811,-12.116,-1.41313,2.64936
19,23,-20.9902,-14.1932,1.07911,1.2014
19,24,1.66064,4.82539,-0.318576,-0.298498
19,25,5.34456,3.21981,0.664328,-0.615119
19,26,3.8947,4.61343,0.373818,-0.856601
19,27,0.694102,6.82918,0.0573747,-0.188406
19,28,0.226389,0.416202,-0.603695,4.28122
19,29,1.85242,6.45781,-0.730035,0.984232
19,30,3.72796,7.0902,1.21405,1.88813
19,31,0.814108,3.72727,0.920793,0.956944
19,32,3.95771,8.56847,0.202981,0.372619
19,33,1.24822,3.59476,1.98775,1.40012
19,34,1.33513,9.59792,0.874653,0.759168
19,35,-6.51717,9.82147,1.45445,-1.63391
19,36,-2.02377,13.6597,-3.23882,-0.147221
19,37,4.57543,9.96371,0.126672,0.0741166
19,38,-5.26592,9.85218,-0.885229,0.793117
19,39,3.34112,10.1367,0.24376,1.46396
19,40,1.84409,7.28689,-0.024523,0.0214366
19,41,-7.87404,17.4936,0.916518,-0.653799
19,42,9.58795,3.59328,1.53698,0.245141
19,43,0.0544681,8.73493,1.1109,-2.03749
19,44,6.72396,-4.49861,-0.482982,3.67355
19,45,2.74153,7.61172,0.656236,0.641427
19,46,-20.0391,21.6124,0.261825,0.714877
19,47,4.06071,6.65025,-0.540898,-0.429588
19,48,1.71733,8.08534,-0.063895,-0.333133
19,49,4.98183,27.2755,0.170017,2.38769
19,50,6.56258,3.42556,-1.53485,1.26318
19,51,3.26336,6.38426,0.0235766,1.75039
19,52,13.4179,13.9177,-3.50176,-2.32698
19,53,-12.2053,9.0536,4.02509,-0.241008
19,54,1.72146,5.35377,0.978352,0.805442
19,55,6.56672,6.8384,-4.13249,0.655094
19,56,3.71973,7.2013,-1.0376,-1.24708
19,57,4.39627,4.65217,0.29421,-0.142948
19,58,1.23554,12.2621,1.01475,0.22364
19,59,0.878146,4.36603,1.7989,1.3291
19,60,4.02133,5.98546,-0.0895996,0.0169548
19,61,-0.225078,5.62539,1.10084,0.955196
19,62,3.36801,5.51363,0.42345,0.873652
19,63,-10.7565,8.41067,-1.47907,0.718121
19,64,3.16795,6.96639,0.33887,2.57119
19,65,3.16839,5.89304,0.201351,2.03347
19,66,2.05137,11.1828,0.0863593,0.154345
19,67,6.82032,-11.4669,0.608179,1.12635
19,68,3.18051,5.283,-0.0107554,0.208271
19,69,2.70283,7.35769,1.28739,1.23557
19,70,1.3266,7.70261,0.856158,-0.572977
19,71,3.29767,6.2252,0.951386,-0.143817
19,72,10.066,2.51037,-1.4968,0.820596
19,73,1.60457,6.37181,-0.14009,0.057338
19,74,4.39738,7.3003,0.53925,0.551641
19,75,1.40565,4.791,0.983972,0.19939
19,76,-4.45478,1.84847,1.43395,1.05604
19,77,-15.8367,5.37051,1.60693,0.503725
19,78,3.71591,2.534,0.228916,-0.694152
19,79,0.291487,4.71564,-0.396359,-0.20216
19,80,5.28813,7.61211,2.13448,2.73681
19,81,-1.05959,3.15421,0.54917,0.626363
19,82,-1.0997,7.036,0.0541554,-0.0654643
19,83,0.886351,8.67269,1.68456,-2.17517
19,84,6.61031,16.9606,-0.19325,-0.382483
19,85,9.22968,3.76231,-0.0390947,0.992849
19,86,4.67635,5.76124,-0.690921,0.541932
19,87,3.35676,6.40359,1.03683,-0.0742411
19,88,1.63101,4.63426,1.06663,1.1229
19,89,11.1529,16.6453,2.37108,2.22598
19,90,13.4599,17.7857,0.782456,1.1409
19,91,4.81726,9.15905,0.506508,1.60978
19,92,0.874496,10.6495,1.879,1.01231
19,93,10.8079,14.0152,0.959369,1.13046
19,94,5.32534,6.84748,1.9616,2.17702
19,95,2.87815,7.04004,0.121379,-1.07252
19,96,-3.27694,11.7667,1.0505,0.536407
19,97,2.22135,5.4053,-0.21186,-0.204181
19,98,-0.38657,3.32738,0.377943,0.232874
19,99,15.6433,18.2386,0.905512,1.23392
20,0,11.201,8.3903,0.531036,1.84649
20,1,-9.17156,4.45995,-0.556433,0.16651
20,2,-0.457943,-0.0440249,1.38072,2.37835
20,3,-3.29956,-5.43597,2.43776,3.43078
20,4,6.33715,7.96069,1.42427,0.81592
20,5,3.65119,7.83407,-0.300792,0.569837
20,6,5.36756,3.45017,-1.01271,1.2857
20,7,7.53941,2.00281,0.776793,-0.688023
20,8,-3.66556,8.64937,4.26649,-0.688009
20,9,0.586194,6.27906,2.07439,2.40698
20,10,6.90419,14.9286,0.809836,1.33549
20,11,1.47755,-8.29,1.7246,3.84439
20,12,-5.42224,-1.78808,1.42753,1.81113
20,13,3.32026,6.37921,0.569986,0.299362
20,14,5.78428,9.44114,0.829141,1.01203
20,15,5.28562,5.67873,-0.406051,0.214793
20,16,2.0106,6.0112,-0.777542,2.05587
20,17,3.2137,7.18951,0.0122244,1.30853
20,18,3.65158,2.63578,0.763826,1.25232
20,19,0.172004,3.79539,0.605991,0.429188
20,20,1.96826,9.35402,0.0225044,0.17124
20,21,3.1221,5.64573,0.116072,0.93767
20,22,13.3877,-7.07934,-3.19341,5.0367
20,23,-17.991,-11.5104,2.99925,2.68287
20,24,1.56322,4.73542,-0.0974211,-0.0899628
20,25,5.90471,3.48752,0.560149,0.267702
20,26,4.04966,4.26008,0.154955,-0.353345
20,27,1.93725,6.52446,1.24315,-0.304718
20,28,0.0511002,4.45011,-0.175289,4.03391
20,29,1.40126,7.14083,-0.451154,0.683022
20,30,4.75575,8.76779,1.02779,1.67759
20,31,1.76968,4.77184,0.955573,1.04457
20,32,4.16516,8.8923,0.207454,0.323826
20,33,3.1785,4.23736,1.93028,0.642597
20,34,2.35024,9.66946,1.01511,0.0715455
20,35,-4.45792,8.71281,2.05925,-1.10865
20,36,-5.48547,13.0376,-3.4617,-0.622166
20,37,4.69529,9.97049,0.119856,0.00678468
20,38,-5.49848,10.3825,-0.232561,0.530305
20,39,3.57582,10.7853,0.234692,0.648611
20,40,1.91567,7.2338,0.0715792,-0.0530917
20,41,-7.07272,17.117,0.801313,-0.37663
20,42,11.4333,4.29614,1.84534,0.702866
20,43,1.06953,7.20724,1.01506,-1.52769
20,44,6.20212,-0.946052,-0.521837,3.55256
20,45,3.09141,8.49636,0.34988,0.884642
20,46,-20.0212,22.5613,0.0179886,0.94888
20,47,3.53647,6.26633,-0.524242,-0.383918
20,48,1.94505,7.57333,0.227717,-0.512016
20,49,5.08059,28.677,0.0987625,1.40148
20,50,4.78176,4.98274,-1.78082,1.55718
20,51,3.2731,7.77123,0.00974509,1.38697
20,52,11.836,13.115,-1.5819,-0.802711
20,53,-7.55263,8.71044,4.6527,-0.343161
20,54,2.47482,6.09459,0.75336,0.740822
20,55,2.92782,7.23491,-3.6389,0.396502
20,56,3.35529,6.05227,-0.364444,-1.14903
20,57,4.50978,4.65851,0.113508,0.00633693
20,58,2.12605,12.1455,0.890502,-0.116642
20,59,2.09418,5.3405,1.21603,0.97447
20,60,3.87903,6.06559,-0.142296,0.0801304
20,61,0.932196,6.60724,1.15727,0.981843
20,62,3.72446,6.18278,0.356447,0.669152
20,63,-10.4449,8.86546,0.311576,0.454793
20,64,3.42514,7.82671,0.257188,0.860315
20,65,3.33147,7.58022,0.163082,1.68718
20,66,2.29873,10.3917,0.247365,-0.791109
20,67,6.75136,-7.907,-0.0689572,3.5599
20,68,3.17744,5.72866,-0.00306832,0.445664
20,69,3.94338,8.46556,1.24055,1.10788
20,70,2.35254,6.86238,1.02594,-0.840232
20,71,4.05435,6.11159,0.756678,-0.113613
20,72,8.59245,3.31694,-1.47353,0.806566
20,73,1.8546,6.37902,0.250028,0.00720359
20,74,4.56396,7.50757,0.166578,0.20727
20,75,3.31669,5.74738,1.91104,0.956381
20,76,-3.20892,2.7474,1.24586,0.898935
20,77,-12.4969,5.86992,3.33979,0.499413
20,78,3.89126,2.23158,0.175356,-0.30242
20,79,0.486791,4.82685,0.195304,0.111208
20,80,7.67376,10.5883,2.38563,2.97615
20,81,-0.531085,3.74644,0.528508,0.592227
20,82,-0.0734547,6.82621,1.02625,-0.209796
20,83,2.61028,6.58068,1.72393,-2.09202
20,84,6.52789,16.7566,-0.0824207,-0.203988
20,85,10.3198,4.30793,1.09012,0.545617
20,86,3.35632,6.33215,-1.32003,0.570906
20,87,3.92022,6.75907,0.563457,0.355477
20,88,2.64928,5.69892,1.01827,1.06466
20,89,13.3997,18.8803,2.24685,2.235
20,90,15.0355,19.8406,1.57569,2.05493
20,91,4.86916,9.75115,0.0519007,0.592095
20,92,2.55171,11.1233,1.67721,0.473739
20,93,11.2967,14.6793,0.488764,0.664096
20,94,6.45707,8.54033,1.13172,1.69285
20,95,3.1339,6.26388,0.255741,-0.776161
20,96,-2.82062,12.377,0.456315,0.610299
20,97,2.25218,5.42372,0.0308286,0.0184167
20,98,0.537917,4.04673,0.924487,0.719345
20,99,14.1534,17.1303,-1.48988,-1.10833
