0	740.4857788086
1	740.4857788086
2	739.5017089844
3	739.5017089844
4	739.4761962891
5	739.2285156250
6	738.2352294922
7	738.2352294922
8	737.9506835938
9	737.6854858398
10	737.4534912109
11	737.4534912109
12	737.4534912109
13	737.4534912109
14	737.4534912109
15	737.4534912109
16	737.4534912109
17	737.4534912109
18	737.4534912109
19	737.4534912109
20	737.3879394531
21	737.3879394531
22	737.3879394531
23	737.0928955078
24	736.8344116211
25	736.7075805664
26	736.2886962891
27	735.4304199219
28	735.4304199219
29	734.7741088867
30	734.7741088867
31	734.7741088867
32	734.2702026367
33	733.1070556641
34	733.1070556641
35	733.1070556641
36	733.1070556641
37	733.1070556641
38	732.5570068359
39	732.4150390625
40	732.1263427734
41	732.1263427734
42	732.1263427734
43	732.1263427734
44	732.1263427734
45	732.0151367188
46	731.0976562500
47	730.9078369141
48	730.6843872070
49	730.6843872070
50	730.2818603516
51	730.2369384766
52	729.7764892578
53	729.6112060547
54	729.6112060547
55	729.5532836914
56	729.5532836914
57	729.5532836914
58	729.5532836914
59	729.5532836914
60	729.5532836914
61	729.5532836914
62	729.2089233398
63	728.6488037109
64	728.6488037109
65	728.6488037109
66	728.6488037109
67	728.6488037109
68	728.6488037109
69	727.9600830078
70	727.3726806641
71	727.3726806641
72	727.3722534180
73	727.3722534180
74	727.3722534180
75	727.3722534180
76	727.3722534180
77	727.3722534180
78	727.3722534180
79	727.3722534180
80	727.1800537109
81	726.5597534180
82	726.5597534180
83	726.5597534180
84	726.5597534180
85	726.2223510742
86	726.2223510742
87	726.2134399414
88	726.2134399414
89	725.9681396484
90	725.9681396484
91	725.9681396484
92	725.9681396484
93	725.9681396484
94	725.9681396484
95	725.9681396484
96	725.9681396484
97	725.7541503906
98	725.6782226562
99	725.1961059570
100	725.1961059570
101	725.1961059570
102	725.1961059570
103	725.1961059570
104	725.1961059570
105	724.6430053711
106	724.6430053711
107	724.6430053711
108	724.6430053711
109	724.4821777344
110	724.4376220703
111	724.2772827148
112	723.7233886719
113	723.7233886719
114	723.7233886719
115	723.1564331055
116	723.1564331055
117	722.9539794922
118	722.5294799805
119	722.5294799805
120	722.5294799805
121	722.5294799805
122	722.5294799805
123	722.5294799805
124	722.5294799805
125	721.8582763672
126	721.8582763672
127	721.8582763672
128	721.8582763672
129	720.7192993164
130	720.3533325195
131	720.3533325195
132	720.3533325195
133	719.6166992188
134	719.4714355469
135	719.0620727539
136	719.0620727539
137	719.0620727539
138	719.0620727539
139	718.7474365234
140	718.7474365234
141	717.0940551758
142	717.0905151367
143	717.0905151367
144	716.9347534180
145	716.9347534180
146	716.9347534180
147	716.9347534180
148	716.9347534180
149	716.6955566406
150	716.6955566406
151	716.6955566406
152	715.6740112305
153	715.6740112305
154	715.6740112305
155	715.6740112305
156	715.4002685547
157	714.7938842773
158	714.6510620117
159	714.6510620117
160	714.4371337891
161	714.2813720703
162	713.8504638672
163	713.3268432617
164	713.3268432617
165	713.0043334961
166	713.0043334961
167	713.0043334961
168	713.0043334961
169	712.3948974609
170	712.3948974609
171	712.3948974609
172	712.2216796875
173	712.0370483398
174	711.7577514648
175	711.7577514648
176	711.7577514648
177	711.0875244141
178	709.7962646484
179	709.7962646484
180	709.7962646484
181	709.7962646484
182	709.7962646484
183	709.7583618164
184	709.1568603516
185	709.1568603516
186	709.0707397461
187	709.0707397461
188	708.7308349609
189	708.1243896484
190	708.1243896484
191	707.9072875977
192	707.7573852539
193	707.1456298828
194	706.7034912109
195	706.7034912109
196	706.7034912109
197	706.7034912109
198	706.7034912109
199	706.3056640625
200	705.9122314453
201	705.9122314453
202	705.9122314453
203	705.3374633789
204	704.6364135742
205	704.6316528320
206	704.2493896484
207	704.2493896484
208	704.0340576172
209	704.0340576172
210	703.7222900391
211	703.7222900391
212	703.7222900391
213	703.6978759766
214	703.0177001953
215	703.0177001953
216	703.0177001953
217	703.0177001953
218	703.0177001953
219	702.1265869141
220	702.1265869141
221	701.5150756836
222	701.5150756836
223	700.8128662109
224	700.6491088867
225	700.0088500977
226	700.0088500977
227	700.0088500977
228	699.1723632812
229	699.1723632812
230	698.9012451172
231	698.9012451172
232	698.9012451172
233	698.4197387695
234	698.4197387695
235	698.3316650391
236	697.4868164062
237	697.4868164062
238	697.4868164062
239	697.2509155273
240	697.2509155273
241	697.2509155273
242	696.6013793945
243	696.6013793945
244	695.5393676758
245	695.2897338867
246	695.2897338867
247	695.2897338867
248	695.2897338867
249	695.2897338867
250	695.2897338867
251	695.0059204102
252	695.0059204102
253	695.0059204102
254	695.0059204102
255	694.2767333984
256	694.2767333984
257	693.0189208984
258	691.7584228516
259	691.2257080078
260	690.9165649414
261	690.9165649414
262	690.9165649414
263	690.9165649414
264	690.5655517578
265	690.5655517578
266	690.5655517578
267	690.5655517578
268	690.5655517578
269	690.5655517578
270	689.9329833984
271	689.9329833984
272	689.9329833984
273	689.9329833984
274	689.7130126953
275	689.6058959961
276	689.6058959961
277	689.6058959961
278	689.6058959961
279	689.6058959961
280	689.6058959961
281	689.6058959961
282	689.4995117188
283	689.1263427734
284	688.2774658203
285	688.2774658203
286	688.2774658203
287	688.2774658203
288	688.2774658203
289	688.2774658203
290	688.2774658203
291	688.1383666992
292	687.6549072266
293	687.6549072266
294	687.4608154297
295	687.4608154297
296	686.9249267578
297	686.7202148438
298	686.2325439453
299	686.2325439453
300	686.2325439453
301	686.2325439453
302	686.2325439453
303	686.1442871094
304	686.0842285156
305	685.9276123047
306	685.0916748047
307	685.0916748047
308	684.6411743164
309	684.6411743164
310	684.3378906250
311	683.8966064453
312	683.8966064453
313	683.8966064453
314	683.8966064453
315	683.4573974609
316	683.4573974609
317	683.3751220703
318	683.3751220703
319	682.9315185547
320	682.9315185547
321	682.9315185547
322	682.9315185547
323	682.9315185547
324	682.9315185547
325	682.3414916992
326	681.5691528320
327	679.7967529297
328	679.7967529297
329	679.1094970703
330	679.1094970703
331	678.9748535156
332	678.9748535156
333	678.5797119141
334	678.5704345703
335	678.5704345703
336	678.5704345703
337	678.5704345703
338	678.5704345703
339	678.3014526367
340	678.3014526367
341	678.2440185547
342	677.7418212891
343	677.5974121094
344	677.4654541016
345	677.4654541016
346	677.4654541016
347	677.4654541016
348	677.4654541016
349	677.4654541016
350	677.4654541016
351	677.1289672852
352	677.1289672852
353	676.2985229492
354	676.1993408203
355	676.1993408203
356	676.1729736328
357	676.0467529297
358	676.0428466797
359	676.0428466797
360	675.5677490234
361	675.2821655273
362	675.2821655273
363	675.2821655273
364	674.7374877930
365	673.9916381836
366	673.1360473633
367	673.1360473633
368	673.1360473633
369	673.1360473633
370	673.0601806641
371	673.0601806641
372	672.7341918945
373	672.7341918945
374	672.7341918945
375	672.5917358398
376	672.5917358398
377	672.5917358398
378	672.5917358398
379	672.3750610352
380	672.3750610352
381	671.7127685547
382	671.7127685547
383	671.7127685547
384	671.2362670898
385	670.8930053711
386	670.1600341797
387	670.0157470703
388	669.4635620117
389	669.4635620117
390	669.4635620117
391	668.8775634766
392	668.8775634766
393	668.8775634766
394	668.8775634766
395	668.3258056641
396	668.3258056641
397	667.7542114258
398	667.7542114258
399	667.7542114258
400	667.7542114258
401	667.5287475586
402	666.8334350586
403	666.8334350586
404	666.8334350586
405	666.4779052734
406	666.0797729492
407	665.6000366211
408	665.6000366211
409	665.5712890625
410	664.9400024414
411	664.9192504883
412	664.9192504883
413	664.3817138672
414	664.1266479492
415	663.6599731445
416	662.7487182617
417	662.7487182617
418	662.7487182617
419	662.3358154297
420	661.8526611328
421	661.8526611328
422	661.6345214844
423	661.6345214844
424	661.6345214844
425	661.6345214844
426	661.6345214844
427	661.4778442383
428	661.4778442383
429	661.4778442383
430	661.4778442383
431	661.4778442383
432	660.6522216797
433	660.6522216797
434	660.4258422852
435	660.4258422852
436	660.2417602539
437	660.2417602539
438	659.9588623047
439	659.8384399414
440	659.3907470703
441	659.3907470703
442	659.3907470703
443	658.7787475586
444	658.7787475586
445	657.8128662109
446	657.7396850586
447	657.7396850586
448	657.7396850586
449	657.2950439453
450	656.9153442383
451	656.6604614258
452	656.6604614258
453	656.6604614258
454	656.6604614258
455	656.6604614258
456	656.2310791016
457	656.2310791016
458	654.9798583984
459	654.9798583984
460	654.9533081055
461	654.9533081055
462	654.5755004883
463	654.5755004883
464	654.5755004883
465	653.9481201172
466	653.6846923828
467	653.6244506836
468	652.9537353516
469	652.9537353516
470	652.2006225586
471	651.8486938477
472	651.8486938477
473	651.8486938477
474	651.6087646484
475	651.6087646484
476	651.0792236328
477	651.0792236328
478	650.4395751953
479	649.9879150391
480	649.9879150391
481	649.5139160156
482	649.5139160156
483	649.0426025391
484	649.0231323242
485	648.4651489258
486	648.3071289062
487	648.2717895508
488	648.2717895508
489	648.2717895508
490	648.0810546875
491	648.0810546875
492	647.6190795898
493	646.9176025391
494	646.5844726562
495	646.5659790039
496	646.0909423828
497	646.0909423828
498	646.0909423828
499	646.0909423828
500	645.9739990234
501	645.7352294922
502	645.7352294922
503	645.4995117188
504	645.4995117188
505	645.4995117188
506	645.4995117188
507	644.6723632812
508	644.0347290039
509	644.0347290039
510	644.0347290039
511	644.0347290039
512	644.0347290039
513	644.0347290039
514	643.9204101562
515	643.9204101562
516	643.4518432617
517	643.4518432617
518	642.5730590820
519	642.5730590820
520	642.5730590820
521	642.5730590820
522	642.5730590820
523	641.9161376953
524	641.3879394531
525	641.3879394531
526	640.7748413086
527	640.7748413086
528	640.7748413086
529	640.4348144531
530	639.7171020508
531	639.7171020508
532	639.7171020508
533	639.3051757812
534	639.0083618164
535	639.0083618164
536	639.0083618164
537	639.0083618164
538	639.0083618164
539	638.4969482422
540	637.7770385742
541	637.7770385742
542	637.7770385742
543	637.7770385742
544	637.7770385742
545	637.7770385742
546	637.7770385742
547	637.6930541992
548	637.6930541992
549	637.5285034180
550	637.5285034180
551	637.5285034180
552	637.5285034180
553	636.8514404297
554	636.8514404297
555	636.1473388672
556	636.1473388672
557	635.8447265625
558	635.7556762695
559	635.7556762695
560	635.7556762695
561	635.7556762695
562	635.7556762695
563	635.6298828125
564	635.6298828125
565	635.4350585938
566	634.7992553711
567	634.2476806641
568	634.2432861328
569	633.7433471680
570	633.7433471680
571	633.4767456055
572	633.4767456055
573	633.4767456055
574	633.4767456055
575	633.0444946289
576	632.3071899414
577	632.3071899414
578	632.3071899414
579	631.6220092773
580	631.6220092773
581	631.1219482422
582	631.1219482422
583	630.6268310547
584	630.4710693359
585	630.4710693359
586	630.1949462891
587	630.1949462891
588	630.1949462891
589	630.1657104492
590	630.1657104492
591	629.9465332031
592	629.9465332031
593	629.4067993164
594	629.3090820312
595	629.3090820312
596	629.3090820312
597	628.1868286133
598	628.1868286133
599	627.4518432617
600	626.9437255859
601	626.9437255859
602	626.6848144531
603	626.6848144531
604	626.6848144531
605	626.3471069336
606	626.2414550781
607	626.2414550781
608	625.8575439453
609	625.7174682617
610	625.7174682617
611	625.2905883789
612	625.2905883789
613	625.2905883789
614	624.9072265625
615	624.9072265625
616	624.7376708984
617	624.4384155273
618	623.9393310547
619	623.9393310547
620	623.9393310547
621	623.2399902344
622	622.8052978516
623	622.4049072266
624	622.4049072266
625	622.4049072266
626	622.1337280273
627	621.6583862305
628	621.6583862305
629	621.5648193359
630	621.5648193359
631	621.4334716797
632	621.0552978516
633	621.0552978516
634	620.8917236328
635	619.9812622070
636	619.2166137695
637	618.8719482422
638	618.8719482422
639	618.8719482422
640	618.3277587891
641	618.1492309570
642	618.1492309570
643	617.3902587891
644	617.3902587891
645	617.3902587891
646	617.0360107422
647	616.2398681641
648	616.2398681641
649	616.2398681641
650	615.7281494141
651	615.5916748047
652	615.3847656250
653	615.3847656250
654	615.3847656250
655	615.3758544922
656	615.1323852539
657	614.9229736328
658	614.6849975586
659	614.6653442383
660	614.3895263672
661	614.3895263672
662	614.1685791016
663	614.0140380859
664	613.8515014648
665	613.3497314453
666	613.3497314453
667	613.3265380859
668	613.0772094727
669	613.0772094727
670	612.6961059570
671	612.3216552734
672	612.3216552734
673	612.3216552734
674	612.0101318359
675	611.9176025391
676	611.9176025391
677	611.5447387695
678	611.5447387695
679	611.2061157227
680	611.2061157227
681	611.2011718750
682	610.9865112305
683	610.9865112305
684	610.9865112305
685	610.6454467773
686	610.6454467773
687	610.6454467773
688	610.6454467773
689	610.0811767578
690	610.0811767578
691	610.0811767578
692	610.0811767578
693	610.0811767578
694	610.0811767578
695	610.0811767578
696	609.5267333984
697	609.5267333984
698	609.5267333984
699	609.0064086914
700	609.0064086914
701	609.0064086914
702	608.5875244141
703	608.5875244141
704	607.9339599609
705	607.5806274414
706	607.3668212891
707	607.2554931641
708	607.2554931641
709	606.7446289062
710	606.7446289062
711	605.9510498047
712	605.5806884766
713	605.5806884766
714	605.4388427734
715	605.0324096680
716	605.0015869141
717	605.0015869141
718	605.0015869141
719	605.0015869141
720	605.0015869141
721	605.0015869141
722	605.0015869141
723	605.0015869141
724	605.0015869141
725	604.8735961914
726	604.8735961914
727	604.8477172852
728	604.1790771484
729	604.1790771484
730	603.8155517578
731	603.8155517578
732	603.1894531250
733	603.1894531250
734	602.6087036133
735	602.6087036133
736	602.6087036133
737	602.4754638672
738	602.4754638672
739	602.3881835938
740	602.2523193359
741	602.2523193359
742	602.2523193359
743	602.2523193359
744	601.7152099609
745	601.4063720703
746	600.7337646484
747	600.7337646484
748	600.2701416016
749	600.2701416016
750	600.0290527344
751	600.0290527344
752	600.0290527344
753	599.6348876953
754	599.6348876953
755	599.6348876953
756	599.4545898438
757	599.3521118164
758	598.9758911133
759	598.7295532227
760	598.7295532227
761	598.7295532227
762	598.7295532227
763	598.7295532227
764	598.4542236328
765	598.4542236328
766	598.1828613281
767	598.0470581055
768	597.6754760742
769	596.9675292969
770	596.9675292969
771	596.5081787109
772	596.3898925781
773	596.3898925781
774	596.0335083008
775	595.9927978516
776	595.9927978516
777	595.2714843750
778	594.7552490234
779	594.0676879883
780	594.0676879883
781	593.7933349609
782	593.6502075195
783	593.5845947266
784	593.0073852539
785	592.0172119141
786	591.5959472656
787	591.3010864258
788	591.3010864258
789	591.2556762695
790	590.8223876953
791	590.8223876953
792	590.8223876953
793	590.8223876953
794	590.6124877930
795	590.6124877930
796	590.1499633789
797	589.2657470703
798	588.4535522461
799	588.1364746094
800	587.5599365234
801	587.5599365234
802	587.4331665039
803	587.4331665039
804	587.4331665039
805	587.3698730469
806	587.3335571289
807	587.3335571289
808	587.3335571289
809	587.2084960938
810	587.2084960938
811	586.4327392578
812	586.4327392578
813	586.4327392578
814	585.9815673828
815	585.9815673828
816	585.6845092773
817	585.3807983398
818	585.3807983398
819	585.3807983398
820	585.3807983398
821	585.3306274414
822	585.3306274414
823	585.3306274414
824	585.1087036133
825	585.1087036133
826	584.6491699219
827	584.6491699219
828	584.6491699219
829	584.4697875977
830	584.4697875977
831	584.4295043945
832	584.4295043945
833	584.4295043945
834	584.4295043945
835	584.4295043945
836	584.3202514648
837	584.3202514648
838	584.3202514648
839	583.4387207031
840	582.8309326172
841	582.6946411133
842	582.6946411133
843	582.6946411133
844	582.6946411133
845	582.6946411133
846	582.5160522461
847	582.4002685547
848	582.4002685547
849	582.3765258789
850	582.2953491211
851	582.2953491211
852	582.2659912109
853	581.6179199219
854	581.6179199219
855	581.2932128906
856	581.2932128906
857	580.8687744141
858	580.8687744141
859	580.4989624023
860	579.5128173828
861	579.5128173828
862	579.5128173828
863	579.5128173828
864	579.5128173828
865	579.5128173828
866	578.5625000000
867	578.5137329102
868	578.5137329102
869	578.5137329102
870	578.5137329102
871	578.3766479492
872	578.0949707031
873	578.0645141602
874	578.0645141602
875	577.1863403320
876	577.1561279297
877	577.1561279297
878	576.5390625000
879	576.5390625000
880	576.2157592773
881	576.2157592773
882	575.6724853516
883	575.4998168945
884	575.4998168945
885	575.0768432617
886	574.9988403320
887	574.8146362305
888	574.5926513672
889	574.5598754883
890	574.3053588867
891	574.0521240234
892	573.9784545898
893	573.9784545898
894	573.8869628906
895	573.6722412109
896	573.6722412109
897	573.6722412109
898	573.6722412109
899	573.3481445312
900	573.3481445312
901	573.3481445312
902	573.3481445312
903	573.3481445312
904	573.3481445312
905	573.3481445312
906	573.3481445312
907	572.8028564453
908	572.8028564453
909	572.8028564453
910	572.5513916016
911	572.5513916016
912	572.5513916016
913	571.8097534180
914	571.8097534180
915	571.8097534180
916	571.8097534180
917	571.8097534180
918	571.8097534180
919	571.4460449219
920	571.4029541016
921	571.4029541016
922	571.4029541016
923	571.4029541016
924	571.1330566406
925	570.7298583984
926	570.7298583984
927	570.7298583984
928	570.4816284180
929	570.2210693359
930	570.1102294922
931	570.1102294922
932	570.1102294922
933	570.1102294922
934	569.3345947266
935	568.4949340820
936	567.7109375000
937	566.6798095703
938	566.6798095703
939	566.6798095703
940	566.5557861328
941	566.5557861328
942	566.5554809570
943	566.5554809570
944	566.5554809570
945	566.5554809570
946	566.5554809570
947	566.5421752930
948	566.5421752930
949	566.5421752930
950	566.5421752930
951	566.5421752930
952	566.5421752930
953	566.5421752930
954	566.3309936523
955	566.1348876953
956	566.0162353516
957	566.0162353516
958	566.0162353516
959	565.9857177734
960	565.9495849609
961	565.9495849609
962	565.9495849609
963	565.7797851562
964	565.1437377930
965	565.1253662109
966	564.3572387695
967	564.3572387695
968	564.3572387695
969	564.3572387695
970	564.3572387695
971	564.1719970703
972	563.0894775391
973	563.0894775391
974	563.0894775391
975	563.0894775391
976	563.0894775391
977	562.6804199219
978	562.6804199219
979	562.6804199219
980	561.7552490234
981	561.6102294922
982	561.6102294922
983	561.3872070312
984	561.3872070312
985	561.1933593750
986	561.1933593750
987	561.1933593750
988	561.1933593750
989	561.1933593750
990	561.1933593750
991	560.8751220703
992	560.4448852539
993	560.4448852539
994	560.4448852539
995	559.8485107422
996	559.8485107422
997	559.8485107422
998	559.1492919922
999	559.1492919922
1000	558.8107910156
1001	558.5155639648
1002	558.5155639648
1003	558.5142822266
1004	558.5142822266
1005	558.3339843750
1006	557.9470214844
1007	557.5798950195
1008	557.5798950195
1009	557.5798950195
1010	557.5798950195
1011	557.0301513672
1012	556.6340332031
1013	556.6340332031
1014	556.6340332031
1015	556.6340332031
1016	556.3600463867
1017	556.3600463867
1018	555.9978027344
1019	555.9978027344
1020	555.4190673828
1021	554.9088134766
1022	554.6788330078
1023	553.8817138672
1024	553.6644897461
1025	553.6644897461
1026	553.6122436523
1027	553.6122436523
1028	553.3151245117
1029	553.3151245117
1030	553.3151245117
1031	553.0361938477
1032	553.0361938477
1033	553.0361938477
1034	552.5432128906
1035	552.5432128906
1036	552.5432128906
1037	552.1079711914
1038	551.9932861328
1039	551.9932861328
1040	551.8671875000
1041	551.8671875000
1042	551.7096557617
1043	551.6963500977
1044	551.6963500977
1045	551.5052490234
1046	551.1475830078
1047	551.1475830078
1048	551.0361938477
1049	551.0361938477
1050	550.4233398438
1051	550.2281494141
1052	550.2281494141
1053	550.2142944336
1054	550.2142944336
1055	550.2142944336
1056	550.2142944336
1057	550.2142944336
1058	549.9310302734
1059	549.9310302734
1060	549.5099487305
1061	549.5099487305
1062	549.0397949219
1063	548.6137084961
1064	547.1912231445
1065	547.1912231445
1066	547.0537109375
1067	547.0537109375
1068	547.0537109375
1069	546.0202636719
1070	546.0202636719
1071	546.0202636719
1072	545.8843383789
1073	545.6932373047
1074	545.6932373047
1075	545.4599609375
1076	545.4599609375
1077	544.8741455078
1078	544.5537109375
1079	544.5537109375
1080	544.5537109375
1081	544.5537109375
1082	544.1960449219
1083	544.1960449219
1084	543.5784301758
1085	543.5460205078
1086	543.5460205078
1087	543.3728637695
1088	543.2353515625
1089	543.2353515625
1090	543.2353515625
1091	543.2353515625
1092	542.9263916016
1093	542.9263916016
1094	542.5423583984
1095	542.5423583984
1096	542.4844360352
1097	542.2203369141
1098	541.8016967773
1099	541.8016967773
1100	541.0796508789
1101	540.6867675781
1102	540.6867675781
1103	540.6867675781
1104	540.5124511719
1105	540.5115966797
1106	540.5115966797
1107	540.5115966797
1108	540.3446655273
1109	540.3446655273
1110	539.8993530273
1111	539.8993530273
1112	539.8488159180
1113	539.8488159180
1114	539.8488159180
1115	539.8488159180
1116	539.5447387695
1117	539.5447387695
1118	539.5447387695
1119	539.3729858398
1120	539.0708618164
1121	539.0619506836
1122	539.0619506836
1123	538.7115478516
1124	538.7115478516
1125	538.4204711914
1126	537.7244873047
1127	537.6873168945
1128	537.6873168945
1129	537.0698242188
1130	536.7908325195
1131	536.7908325195
1132	536.7908325195
1133	536.6487426758
1134	536.5709228516
1135	536.5709228516
1136	536.5709228516
1137	536.4873046875
1138	536.4873046875
1139	536.3797607422
1140	536.3797607422
1141	536.3797607422
1142	536.3797607422
1143	536.2943725586
1144	535.8671264648
1145	535.5653686523
1146	535.5653686523
1147	535.5653686523
1148	535.5653686523
1149	535.5653686523
1150	535.4013671875
1151	534.8116455078
1152	534.5919799805
1153	534.5919799805
1154	534.5919799805
1155	534.5919799805
1156	534.3789672852
1157	533.9035034180
1158	533.4498291016
1159	533.4498291016
1160	533.3865966797
1161	533.3344726562
1162	533.0786132812
1163	532.8893432617
1164	532.6339721680
1165	532.6339721680
1166	532.5928955078
1167	532.5928955078
1168	532.5928955078
1169	532.4179077148
1170	532.4179077148
1171	531.7342529297
1172	531.7342529297
1173	531.7342529297
1174	531.7342529297
1175	531.6092529297
1176	531.1766357422
1177	531.1668090820
1178	531.1104736328
1179	531.1104736328
1180	531.1104736328
1181	531.1104736328
1182	530.6430664062
1183	530.1810302734
1184	530.0579833984
1185	529.7615356445
1186	529.5037231445
1187	529.5037231445
1188	529.2828369141
1189	529.2828369141
1190	529.2828369141
1191	529.2828369141
1192	528.7209472656
1193	528.3297119141
1194	527.8272705078
1195	527.4190673828
1196	526.6458740234
1197	526.6458740234
1198	526.5819702148
1199	526.2176513672
1200	526.2176513672
1201	526.0269775391
1202	525.6170654297
1203	525.6170654297
1204	525.5205688477
1205	524.8711547852
1206	524.8711547852
1207	524.8711547852
1208	524.8711547852
1209	524.8711547852
1210	524.3190917969
1211	523.9583740234
1212	523.7484130859
1213	523.7484130859
1214	523.7484130859
1215	523.3466796875
1216	523.3466796875
1217	523.3466796875
1218	523.3466796875
1219	523.0937500000
1220	522.9425048828
1221	522.5979614258
1222	522.4459228516
1223	521.5283813477
1224	521.5283813477
1225	521.2124023438
1226	521.2124023438
1227	520.9384765625
1228	520.6441650391
1229	520.4400634766
1230	520.3026123047
1231	520.3026123047
1232	520.0892944336
1233	520.0892944336
1234	519.9146118164
1235	519.8957519531
1236	519.5484619141
1237	518.8244628906
1238	517.6854858398
1239	517.6441650391
1240	517.6441650391
1241	517.6441650391
1242	516.9993896484
1243	516.9114990234
1244	516.9114990234
1245	516.9114990234
1246	516.4812622070
1247	516.4812622070
1248	516.4577026367
1249	516.4577026367
1250	516.4577026367
1251	516.4577026367
1252	516.4577026367
1253	516.4577026367
1254	516.3724365234
1255	516.3724365234
1256	516.3724365234
1257	516.3724365234
1258	516.2220458984
1259	515.7156372070
1260	515.7156372070
1261	515.7156372070
1262	515.7156372070
1263	515.7156372070
1264	515.7156372070
1265	515.7156372070
1266	515.7156372070
1267	515.3905639648
1268	515.3905639648
1269	515.3905639648
1270	515.0975341797
1271	514.8516845703
1272	514.6840209961
1273	514.6840209961
1274	514.6840209961
1275	514.6840209961
1276	514.6840209961
1277	514.5274658203
1278	513.5637817383
1279	513.1350708008
1280	513.1350708008
1281	512.9232177734
1282	512.8737182617
1283	512.8737182617
1284	511.9590759277
1285	511.9590759277
1286	511.9590759277
1287	511.9590759277
1288	511.9590759277
1289	511.6300659180
1290	511.6080932617
1291	511.6080932617
1292	511.6080932617
1293	511.4370117188
1294	511.4370117188
1295	511.0948181152
1296	510.8312072754
1297	510.8312072754
1298	510.5332641602
1299	510.5332641602
1300	510.5332641602
1301	510.5332641602
1302	510.5332641602
1303	510.3907775879
1304	510.3907775879
1305	510.1005249023
1306	509.9336547852
1307	509.9336547852
1308	509.6116333008
1309	509.5059204102
1310	509.5059204102
1311	509.5059204102
1312	509.5059204102
1313	509.5059204102
1314	509.4705200195
1315	509.4705200195
1316	509.4705200195
1317	509.4418334961
1318	509.4418334961
1319	509.4418334961
1320	509.3558654785
1321	509.3558654785
1322	509.3558654785
1323	509.1059570312
1324	508.9087829590
1325	508.3077087402
1326	508.3077087402
1327	508.2637634277
1328	508.2637634277
1329	507.9570922852
1330	507.8256225586
1331	507.8256225586
1332	507.0154418945
1333	506.9564819336
1334	506.9564819336
1335	506.5690002441
1336	506.5690002441
1337	506.5690002441
1338	506.1352539062
1339	505.9861450195
1340	505.3874511719
1341	505.3874511719
1342	504.7316284180
1343	504.7316284180
1344	504.7316284180
1345	504.7316284180
1346	504.7316284180
1347	504.3462524414
1348	504.3462524414
1349	504.1347656250
1350	504.1347656250
1351	504.0441284180
1352	503.8509216309
1353	503.8509216309
1354	503.5215454102
1355	503.2362365723
1356	503.2362365723
1357	503.0297241211
1358	502.9471130371
1359	502.8504943848
1360	502.4351196289
1361	502.4351196289
1362	501.7250366211
1363	501.7250366211
1364	500.5075073242
1365	500.4161682129
1366	499.5811157227
1367	499.5811157227
1368	499.4073791504
1369	499.3186950684
1370	499.3186950684
1371	499.3186950684
1372	499.3186950684
1373	498.8071289062
1374	498.6534118652
1375	497.9711303711
1376	497.9711303711
1377	497.9711303711
1378	497.9711303711
1379	497.8609924316
1380	497.8609924316
1381	497.1605834961
1382	497.1605834961
1383	496.5454711914
1384	495.9383850098
1385	495.8534240723
1386	495.7290039062
1387	495.7290039062
1388	495.6499023438
1389	495.6499023438
1390	495.3582153320
1391	495.3582153320
1392	495.0853576660
1393	494.9513549805
1394	494.9513549805
1395	494.9513549805
1396	494.8226623535
1397	494.8226623535
1398	494.8226623535
1399	494.8226623535
1400	494.1653747559
1401	493.5069885254
1402	493.5069885254
1403	493.5069885254
1404	492.7136230469
1405	492.5380859375
1406	492.5380859375
1407	492.5380859375
1408	492.1137084961
1409	491.5745544434
1410	491.5745544434
1411	491.2887268066
1412	491.2596130371
1413	491.2596130371
1414	490.8678588867
1415	490.8678588867
1416	490.8664550781
1417	490.5365295410
1418	490.4181213379
1419	489.8893127441
1420	489.7995605469
1421	489.3122558594
1422	489.3122558594
1423	489.3122558594
1424	489.3122558594
1425	489.3122558594
1426	488.8725585938
1427	488.5016174316
1428	488.4634399414
1429	488.3078002930
1430	488.3078002930
1431	488.3078002930
1432	488.3078002930
1433	488.0096130371
1434	487.8796997070
1435	487.5437927246
1436	487.1207885742
1437	487.1207885742
1438	487.1207885742
1439	487.1207885742
1440	487.1207885742
1441	486.6481018066
1442	486.4319458008
1443	486.4319458008
1444	486.4319458008
1445	486.4319458008
1446	486.4319458008
1447	485.8562927246
1448	485.8562927246
1449	485.5802307129
1450	485.3006286621
1451	485.1841430664
1452	484.9039611816
1453	484.4165649414
1454	484.4165649414
1455	484.1926269531
1456	483.9956970215
1457	482.9372558594
1458	482.9372558594
1459	481.9942016602
1460	481.8766174316
1461	481.8766174316
1462	481.5040588379
1463	481.5040588379
1464	481.5040588379
1465	480.9692382812
1466	480.9692382812
1467	480.8999023438
1468	480.8999023438
1469	480.8999023438
1470	480.4297485352
1471	480.4297485352
1472	480.1749572754
1473	479.8763122559
1474	479.7097778320
1475	479.7097778320
1476	479.4716796875
1477	479.4716796875
1478	479.4716796875
1479	479.4716796875
1480	478.6947326660
1481	478.2312011719
1482	477.9838867188
1483	477.9838867188
1484	477.8170471191
1485	477.5492553711
1486	477.3772888184
1487	476.8265075684
1488	476.6880798340
1489	476.4820251465
1490	476.4820251465
1491	476.1074829102
1492	476.1074829102
1493	475.5997619629
1494	475.5997619629
1495	475.5997619629
1496	475.4114685059
1497	475.2785644531
1498	475.1531677246
1499	475.1531677246
1500	474.7830200195
1501	474.7141113281
1502	474.7141113281
1503	474.7141113281
1504	474.7141113281
1505	474.3330993652
1506	473.9787597656
1507	473.9787597656
1508	473.9787597656
1509	473.9787597656
1510	473.5350036621
1511	473.2791137695
1512	472.6119689941
1513	472.2885131836
1514	472.2885131836
1515	471.9174804688
1516	471.7015686035
1517	471.7015686035
1518	471.7015686035
1519	471.7015686035
1520	471.5502929688
1521	471.5260620117
1522	471.4932556152
1523	471.4932556152
1524	471.4932556152
1525	471.4932556152
1526	471.4932556152
1527	471.0991821289
1528	471.0673217773
1529	471.0673217773
1530	471.0673217773
1531	471.0673217773
1532	471.0673217773
1533	471.0673217773
1534	471.0673217773
1535	470.6612854004
1536	470.6612854004
1537	470.6612854004
1538	470.6612854004
1539	470.6612854004
1540	470.3593139648
1541	470.3593139648
1542	470.3216247559
1543	470.3216247559
1544	470.3216247559
1545	469.6398315430
1546	469.6329650879
1547	469.2081604004
1548	469.2081604004
1549	469.2081604004
1550	469.2081604004
1551	469.2081604004
1552	469.2081604004
1553	469.2081604004
1554	468.8688049316
1555	468.8265075684
1556	468.8059692383
1557	468.5846557617
1558	468.3085327148
1559	468.1109924316
1560	468.0863647461
1561	468.0826721191
1562	467.8934631348
1563	467.5527954102
1564	467.4869689941
1565	467.4869689941
1566	467.3674926758
1567	467.3674926758
1568	466.7074279785
1569	466.7074279785
1570	466.7074279785
1571	465.7733459473
1572	465.7733459473
1573	465.7733459473
1574	465.7733459473
1575	465.7733459473
1576	465.7733459473
1577	465.7733459473
1578	465.3239746094
1579	465.3239746094
1580	465.3239746094
1581	465.3239746094
1582	465.0661010742
1583	464.1507263184
1584	464.1507263184
1585	463.8931579590
1586	463.8931579590
1587	463.8931579590
1588	463.8931579590
1589	463.5963439941
1590	463.4263610840
1591	463.1198120117
1592	463.1198120117
1593	462.5549926758
1594	462.5549926758
1595	462.3625488281
1596	462.3625488281
1597	462.3625488281
1598	462.3625488281
1599	462.3625488281
1600	462.3625488281
1601	462.3625488281
1602	461.4297485352
1603	461.4297485352
1604	461.2536010742
1605	460.8795471191
1606	460.8795471191
1607	460.8795471191
1608	460.8795471191
1609	460.8795471191
1610	460.8795471191
1611	460.8795471191
1612	460.6939086914
1613	460.6939086914
1614	460.2496948242
1615	460.2496948242
1616	460.1438598633
1617	460.1438598633
1618	459.9417114258
1619	459.6481933594
1620	459.6481933594
1621	459.6481933594
1622	459.6481933594
1623	458.9982299805
1624	458.9982299805
1625	458.9982299805
1626	458.9590454102
1627	458.9590454102
1628	458.6118164062
1629	458.4684448242
1630	458.4684448242
1631	458.4684448242
1632	458.1729125977
1633	458.1729125977
1634	458.0941467285
1635	457.9553833008
1636	457.9553833008
1637	457.5609741211
1638	457.5609741211
1639	457.5609741211
1640	457.5609741211
1641	457.5609741211
1642	457.3670349121
1643	457.3670349121
1644	456.5863647461
1645	455.6560974121
1646	455.6560974121
1647	455.4837036133
1648	455.2876586914
1649	454.8269958496
1650	454.8269958496
1651	454.8269958496
1652	454.8269958496
1653	454.4210815430
1654	453.4901733398
1655	453.1356506348
1656	453.1356506348
1657	453.1356506348
1658	453.1356506348
1659	453.0691528320
1660	453.0691528320
1661	452.6795043945
1662	452.6795043945
1663	452.6795043945
1664	452.6795043945
1665	452.6795043945
1666	452.5113830566
1667	451.9966735840
1668	451.9966735840
1669	451.3147583008
1670	451.2784118652
1671	450.6845703125
1672	450.6845703125
1673	450.4501037598
1674	449.9670410156
1675	449.9120483398
1676	449.8211364746
1677	449.8211364746
1678	449.8211364746
1679	449.8201293945
1680	449.2662048340
1681	448.5636291504
1682	447.8423767090
1683	447.8423767090
1684	447.8423767090
1685	447.8373413086
1686	447.8373413086
1687	447.7052612305
1688	447.7052612305
1689	447.1799316406
1690	447.1799316406
1691	447.1799316406
1692	446.6138305664
1693	446.5300903320
1694	446.5300903320
1695	446.5043029785
1696	446.1486816406
1697	445.5327148438
1698	445.5327148438
1699	445.5327148438
1700	445.5327148438
1701	445.5327148438
1702	445.3034667969
1703	445.3034667969
1704	445.2322387695
1705	445.2322387695
1706	445.2322387695
1707	444.9971313477
1708	444.9971313477
1709	444.5260620117
1710	444.2571411133
1711	444.2571411133
1712	444.0218811035
1713	443.8134765625
1714	443.8134765625
1715	443.8134765625
1716	443.6158142090
1717	443.6158142090
1718	443.6066894531
1719	443.6066894531
1720	442.8195800781
1721	442.7907714844
1722	442.6360778809
1723	442.6179809570
1724	442.6179809570
1725	442.4007873535
1726	442.2213745117
1727	442.2213745117
1728	442.2213745117
1729	442.2213745117
1730	442.1742553711
1731	442.1742553711
1732	442.0728454590
1733	441.7112731934
1734	441.6679077148
1735	441.6679077148
1736	441.3428649902
1737	441.3428649902
1738	441.3428649902
1739	441.3428649902
1740	440.9149475098
1741	440.7468872070
1742	440.3748474121
1743	440.3748474121
1744	440.3748474121
1745	440.3748474121
1746	440.3748474121
1747	440.3748474121
1748	440.3748474121
1749	440.3748474121
1750	440.3392639160
1751	439.8543395996
1752	439.2828063965
1753	439.2828063965
1754	439.1736450195
1755	438.6911010742
1756	438.1625976562
1757	437.6569824219
1758	437.3573303223
1759	437.3573303223
1760	437.1285705566
1761	436.6968688965
1762	436.6968688965
1763	436.6968688965
1764	436.5078735352
1765	436.1209106445
1766	436.1126098633
1767	436.1126098633
1768	435.8083496094
1769	435.5922851562
1770	435.3018493652
1771	434.4161071777
1772	434.4161071777
1773	434.4161071777
1774	434.4161071777
1775	434.3757324219
1776	434.3757324219
1777	434.3757324219
1778	434.3757324219
1779	434.0585021973
1780	433.8196716309
1781	433.7168579102
1782	433.6961975098
1783	433.6961975098
1784	433.6961975098
1785	433.6961975098
1786	433.6961975098
1787	433.4535217285
1788	433.2783813477
1789	433.2783813477
1790	433.1105041504
1791	432.7722167969
1792	432.7722167969
1793	432.7722167969
1794	432.3047790527
1795	432.3047790527
1796	432.3047790527
1797	431.7929077148
1798	431.3184509277
1799	430.1703491211
1800	430.0417480469
1801	430.0417480469
1802	430.0417480469
1803	429.8113403320
1804	429.8113403320
1805	429.8113403320
1806	429.2480468750
1807	429.2480468750
1808	428.4091186523
1809	428.1503295898
1810	428.1503295898
1811	428.1503295898
1812	428.1503295898
1813	428.1503295898
1814	427.8961486816
1815	427.4312438965
1816	427.4312438965
1817	427.3719787598
1818	427.2360229492
1819	427.2360229492
1820	427.1933593750
1821	426.9662475586
1822	426.9662475586
1823	426.8670349121
1824	426.8670349121
1825	426.6004943848
1826	426.6004943848
1827	426.3392944336
1828	425.4847106934
1829	425.1979980469
1830	425.0894470215
1831	425.0894470215
1832	425.0894470215
1833	424.9728088379
1834	424.9728088379
1835	424.8029785156
1836	424.8029785156
1837	424.8029785156
1838	424.4917602539
1839	424.2319335938
1840	424.2319335938
1841	424.2319335938
1842	424.2319335938
1843	423.7976074219
1844	423.7976074219
1845	423.7976074219
1846	423.5368041992
1847	423.5368041992
1848	423.5368041992
1849	423.4210815430
1850	423.4210815430
1851	423.1450195312
1852	423.1450195312
1853	423.0425720215
1854	422.7832641602
1855	422.3567504883
1856	422.2612304688
1857	422.2612304688
1858	422.2612304688
1859	422.2612304688
1860	421.9710998535
1861	421.7318725586
1862	421.7318725586
1863	421.7318725586
1864	421.7318725586
1865	421.7318725586
1866	421.7318725586
1867	421.5622558594
1868	421.1215209961
1869	421.1215209961
1870	421.1215209961
1871	420.7752075195
1872	420.4793395996
1873	420.4793395996
1874	420.4793395996
1875	420.4793395996
1876	420.0748901367
1877	419.5921020508
1878	419.5921020508
1879	419.2556762695
1880	419.2324218750
1881	419.2324218750
1882	419.2324218750
1883	419.2324218750
1884	419.1698303223
1885	419.0686950684
1886	418.9368286133
1887	418.9368286133
1888	418.8709106445
1889	418.2343750000
1890	417.2967224121
1891	417.1889038086
1892	417.1889038086
1893	417.1889038086
1894	417.1739807129
1895	417.1739807129
1896	416.4971618652
1897	416.3052368164
1898	416.3052368164
1899	416.2100219727
1900	416.0498046875
1901	416.0498046875
1902	415.9256896973
1903	415.4419860840
1904	415.2570800781
1905	415.2570800781
1906	415.2570800781
1907	415.2570800781
1908	415.2570800781
1909	415.2570800781
1910	415.2570800781
1911	414.8638305664
1912	414.8638305664
1913	414.8587036133
1914	414.7416381836
1915	414.2240600586
1916	414.2240600586
1917	414.1714782715
1918	414.1714782715
1919	413.8955993652
1920	413.8955993652
1921	413.3919982910
1922	413.1656188965
1923	412.7485961914
1924	412.2584533691
1925	412.2584533691
1926	411.9924316406
1927	411.8064575195
1928	411.8064575195
1929	411.4019470215
1930	411.1461486816
1931	410.9503784180
1932	410.7542419434
1933	410.7542419434
1934	410.4151000977
1935	410.4151000977
1936	410.3157653809
1937	410.0711975098
1938	409.7512817383
1939	409.7512817383
1940	409.7512817383
1941	408.9049682617
1942	408.9049682617
1943	408.8152465820
1944	408.8152465820
1945	408.2384948730
1946	408.2384948730
1947	408.1054687500
1948	408.1054687500
1949	408.1054687500
1950	408.1054687500
1951	408.1054687500
1952	407.9898376465
1953	407.9898376465
1954	407.7621765137
1955	407.2527770996
1956	407.0092163086
1957	407.0092163086
1958	407.0092163086
1959	406.9657897949
1960	406.6748046875
1961	406.6748046875
1962	406.6748046875
1963	406.6748046875
1964	406.6748046875
1965	406.3111267090
1966	406.2943725586
1967	406.2576599121
1968	406.2576599121
1969	406.2576599121
1970	406.2576599121
1971	405.5383605957
1972	404.9929809570
1973	404.9929809570
1974	404.9929809570
1975	404.9929809570
1976	404.4727172852
1977	404.4727172852
1978	404.3299255371
1979	404.3299255371
1980	404.3299255371
1981	404.3077697754
1982	404.1667785645
1983	404.1667785645
1984	404.1667785645
1985	403.7978515625
1986	403.7978515625
1987	403.0507507324
1988	403.0426025391
1989	403.0426025391
1990	402.9561767578
1991	402.7717895508
1992	402.6156616211
1993	402.5505371094
1994	402.5505371094
1995	402.5505371094
1996	402.1736450195
1997	401.4988708496
1998	401.4988708496
1999	401.4988708496
2000	401.4988708496
2001	401.4988708496
2002	401.4289550781
2003	401.3934936523
2004	401.2044067383
2005	401.1228942871
2006	401.0186157227
2007	400.4305419922
2008	400.4305419922
2009	400.4305419922
2010	400.4305419922
2011	400.3718872070
2012	400.3416442871
2013	400.1091918945
2014	400.1091918945
2015	400.1091918945
2016	400.1091918945
2017	400.1091918945
2018	399.7235717773
2019	399.7235717773
2020	399.7235717773
2021	399.0632934570
2022	399.0025939941
2023	398.9366760254
2024	398.7138671875
2025	398.7138671875
2026	398.5832214355
2027	398.5832214355
2028	398.5832214355
2029	398.3817138672
2030	398.3817138672
2031	397.5570678711
2032	397.5537719727
2033	397.1099243164
2034	397.0261840820
2035	397.0084228516
2036	397.0084228516
2037	397.0084228516
2038	397.0084228516
2039	397.0084228516
2040	397.0035705566
2041	396.6611328125
2042	396.6611328125
2043	396.3279113770
2044	396.3279113770
2045	395.8287353516
2046	395.3074340820
2047	395.3074340820
2048	395.3074340820
2049	395.3074340820
2050	395.1343383789
2051	395.1343383789
2052	395.1343383789
2053	395.1130981445
2054	395.1130981445
2055	394.9660034180
2056	394.9660034180
2057	394.7398071289
2058	394.4834594727
2059	394.4656372070
2060	393.8728637695
2061	393.8728637695
2062	393.8728637695
2063	393.8469238281
2064	393.8469238281
2065	393.6323547363
2066	393.2451782227
2067	393.2451782227
2068	393.2451782227
2069	393.2153930664
2070	393.2153930664
2071	393.0377807617
2072	392.7178344727
2073	392.3035583496
2074	392.0099487305
2075	391.5953063965
2076	391.1036987305
2077	390.9208679199
2078	390.9208679199
2079	390.7821655273
2080	390.7821655273
2081	390.7821655273
2082	390.0743103027
2083	390.0036621094
2084	390.0036621094
2085	389.8402404785
2086	389.6031188965
2087	389.4844055176
2088	389.0889587402
2089	389.0889587402
2090	388.1752014160
2091	388.1752014160
2092	388.1293029785
2093	388.1293029785
2094	387.8854370117
2095	387.5144653320
2096	386.9659118652
2097	386.9659118652
2098	386.9247741699
2099	386.9247741699
2100	386.6336059570
2101	386.1486206055
2102	386.1166381836
2103	385.8271789551
2104	385.8271789551
2105	385.6995544434
2106	385.6995544434
2107	385.6995544434
2108	385.6995544434
2109	385.3853454590
2110	385.1660461426
2111	385.1660461426
2112	385.1660461426
2113	385.0112609863
2114	385.0112609863
2115	384.9778442383
2116	384.8269042969
2117	384.8269042969
2118	384.4358825684
2119	384.2726745605
2120	383.9756469727
2121	383.9756469727
2122	383.9687500000
2123	383.7778015137
2124	383.7442932129
2125	383.7442932129
2126	383.7442932129
2127	383.7442932129
2128	383.5070800781
2129	383.5070800781
2130	383.5070800781
2131	383.5070800781
2132	383.4488220215
2133	383.4382934570
2134	383.4382934570
2135	383.3739624023
2136	383.1482543945
2137	383.1482543945
2138	382.3980102539
2139	381.8777465820
2140	381.5042114258
2141	381.3312377930
2142	381.2922363281
2143	381.2814331055
2144	381.1608276367
2145	380.7852478027
2146	380.4615783691
2147	380.4615783691
2148	380.2551269531
2149	380.2551269531
2150	379.9039611816
2151	379.9039611816
2152	379.9039611816
2153	379.9039611816
2154	379.9039611816
2155	379.9039611816
2156	379.9039611816
2157	379.9039611816
2158	379.5650634766
2159	379.3322753906
2160	379.3322753906
2161	379.3312377930
2162	379.3312377930
2163	378.6554870605
2164	378.6554870605
2165	378.6554870605
2166	378.6554870605
2167	378.6554870605
2168	378.0284118652
2169	377.8868103027
2170	377.8868103027
2171	377.8868103027
2172	377.8868103027
2173	377.8868103027
2174	377.8220520020
2175	377.8220520020
2176	377.6760864258
2177	377.6760864258
2178	377.5110168457
2179	377.5110168457
2180	377.3474731445
2181	377.3474731445
2182	376.9464416504
2183	376.3227844238
2184	376.3227844238
2185	376.3227844238
2186	376.2153320312
2187	375.5025024414
2188	375.1145324707
2189	374.6293029785
2190	374.6293029785
2191	374.5590209961
2192	374.2307739258
2193	374.0467224121
2194	374.0193481445
2195	373.9671630859
2196	373.4748229980
2197	373.3563842773
2198	373.3563842773
2199	373.3563842773
2200	373.3563842773
2201	373.3414001465
2202	373.3414001465
2203	373.3414001465
2204	373.3414001465
2205	373.0592651367
2206	373.0592651367
2207	373.0592651367
2208	372.3883056641
2209	372.3883056641
2210	371.9922485352
2211	371.9922485352
2212	371.8960266113
2213	371.6836853027
2214	371.6025390625
2215	371.6025390625
2216	371.4754333496
2217	371.2578735352
2218	370.6361083984
2219	370.4641113281
2220	370.4641113281
2221	370.4641113281
2222	370.4641113281
2223	370.4641113281
2224	370.4641113281
2225	370.4641113281
2226	370.4085998535
2227	370.1264648438
2228	370.0653991699
2229	370.0653991699
2230	369.7581176758
2231	369.7158203125
2232	369.7158203125
2233	368.9999084473
2234	368.9999084473
2235	368.9999084473
2236	368.4104919434
2237	368.4104919434
2238	367.3868408203
2239	366.7724304199
2240	366.7724304199
2241	366.7724304199
2242	366.7724304199
2243	366.4909667969
2244	366.3774414062
2245	366.3774414062
2246	366.1635131836
2247	366.1635131836
2248	366.1635131836
2249	366.0512084961
2250	365.5839233398
2251	365.4752502441
2252	365.2229003906
2253	365.1710510254
2254	365.0448608398
2255	365.0448608398
2256	364.8831787109
2257	364.8831787109
2258	364.8073120117
2259	364.8073120117
2260	364.8073120117
2261	364.8073120117
2262	364.8073120117
2263	364.7947387695
2264	364.7947387695
2265	364.7947387695
2266	364.4263305664
2267	364.2130737305
2268	364.2130737305
2269	364.2130737305
2270	364.2130737305
2271	363.8160095215
2272	363.8160095215
2273	363.7832336426
2274	363.7175598145
2275	363.7175598145
2276	363.7175598145
2277	363.7175598145
2278	362.8289794922
2279	362.8289794922
2280	362.6748962402
2281	362.4895935059
2282	362.4398498535
2283	362.4398498535
2284	362.4398498535
2285	362.3601074219
2286	362.2390747070
2287	362.2390747070
2288	362.2365112305
2289	361.9425659180
2290	361.9425659180
2291	361.9425659180
2292	361.9425659180
2293	361.9291076660
2294	361.8226318359
2295	361.3885498047
2296	361.3885498047
2297	361.3885498047
2298	361.3885498047
2299	361.3885498047
2300	360.7440185547
2301	360.7440185547
2302	360.7440185547
2303	360.7440185547
2304	360.4161071777
2305	359.9328613281
2306	359.9328613281
2307	359.6456604004
2308	359.6456604004
2309	359.5709228516
2310	359.2292785645
2311	359.2292785645
2312	359.2292785645
2313	359.2292785645
2314	359.2292785645
2315	359.2292785645
2316	359.2292785645
2317	358.8405456543
2318	358.8405456543
2319	358.5051269531
2320	358.3518981934
2321	358.3518981934
2322	357.9154357910
2323	357.9154357910
2324	357.9154357910
2325	357.7918701172
2326	357.7918701172
2327	357.5613708496
2328	357.5613708496
2329	357.5613708496
2330	357.5613708496
2331	357.5613708496
2332	357.5613708496
2333	357.5613708496
2334	357.5613708496
2335	357.4970397949
2336	357.4970397949
2337	357.4970397949
2338	357.4970397949
2339	357.4879760742
2340	357.4879760742
2341	357.4879760742
2342	357.4879760742
2343	357.4879760742
2344	357.4879760742
2345	356.6906738281
2346	356.4399108887
2347	356.4399108887
2348	356.3036193848
2349	356.3036193848
2350	356.3036193848
2351	355.9266662598
2352	355.9266662598
2353	355.7057189941
2354	355.4884948730
2355	355.4884948730
2356	355.4884948730
2357	355.4884948730
2358	355.4884948730
2359	355.4884948730
2360	355.4884948730
2361	354.9846801758
2362	354.9846801758
2363	354.9846801758
2364	354.7591857910
2365	354.5511779785
2366	354.5511779785
2367	354.2341613770
2368	354.2341613770
2369	354.2341613770
2370	353.6513366699
2371	353.6513366699
2372	353.5302734375
2373	353.4526977539
2374	353.4526977539
2375	353.4526977539
2376	353.4526977539
2377	352.5910949707
2378	352.1493225098
2379	352.1493225098
2380	352.1493225098
2381	352.0110168457
2382	352.0110168457
2383	352.0110168457
2384	351.9177551270
2385	351.9177551270
2386	351.8717346191
2387	351.6513671875
2388	351.6513671875
2389	351.5083312988
2390	351.5083312988
2391	350.7633361816
2392	350.7633361816
2393	350.7633361816
2394	350.7633361816
2395	350.7633361816
2396	350.4248962402
2397	350.1492919922
2398	350.1492919922
2399	350.1492919922
2400	350.1334838867
2401	350.1334838867
2402	350.1334838867
2403	350.0145263672
2404	349.9581604004
2405	349.9581604004
2406	349.8035888672
2407	349.8035888672
2408	349.8035888672
2409	349.8035888672
2410	348.8736877441
2411	348.8736877441
2412	348.8736877441
2413	348.8736877441
2414	348.8290710449
2415	348.8290710449
2416	348.8290710449
2417	348.8290710449
2418	348.3218688965
2419	348.3218688965
2420	347.8612670898
2421	347.3751525879
2422	347.3751525879
2423	347.3751525879
2424	347.3751525879
2425	347.3751525879
2426	347.3751525879
2427	347.3751525879
2428	347.2997436523
2429	347.2997436523
2430	346.7396850586
2431	346.7396850586
2432	346.5499267578
2433	346.5499267578
2434	346.5499267578
2435	345.8607482910
2436	345.7901000977
2437	345.7901000977
2438	345.7901000977
2439	345.7901000977
2440	345.2404479980
2441	345.0729370117
2442	344.8161315918
2443	344.7441101074
2444	344.6078491211
2445	344.3494873047
2446	344.3494873047
2447	344.3494873047
2448	344.3494873047
2449	344.3494873047
2450	344.0967407227
2451	344.0578002930
2452	344.0578002930
2453	343.5845642090
2454	343.5845642090
2455	342.9443969727
2456	342.8271484375
2457	342.8271484375
2458	342.7113647461
2459	342.3319091797
2460	342.3319091797
2461	342.3319091797
2462	342.3319091797
2463	341.9727172852
2464	341.4583129883
2465	341.4583129883
2466	341.4583129883
2467	341.4583129883
2468	341.4583129883
2469	341.4583129883
2470	341.4583129883
2471	341.1053466797
2472	341.1053466797
2473	341.1053466797
2474	341.1053466797
2475	341.1053466797
2476	341.0719299316
2477	341.0719299316
2478	340.7598266602
2479	340.5970764160
2480	340.5970764160
2481	340.5129394531
2482	340.5129394531
2483	340.4588012695
2484	340.1978149414
2485	340.0221557617
2486	339.9968566895
2487	339.9968566895
2488	339.9968566895
2489	339.9968566895
2490	339.9968566895
2491	339.9841918945
2492	339.8456420898
2493	339.6979980469
2494	339.6979980469
2495	339.3938293457
2496	339.3938293457
2497	339.0132141113
2498	338.5869750977
2499	338.3204650879
2500	338.3204650879
2501	338.3204650879
2502	338.3204650879
2503	338.1357727051
2504	337.7302551270
2505	337.7302551270
2506	337.3578491211
2507	337.3578491211
2508	337.3578491211
2509	336.8986816406
2510	336.4920043945
2511	336.4920043945
2512	336.4920043945
2513	336.4920043945
2514	336.0904541016
2515	336.0904541016
2516	336.0904541016
2517	336.0904541016
2518	335.5394897461
2519	335.3274230957
2520	335.2023315430
2521	335.1660461426
2522	334.6473693848
2523	334.0384826660
2524	334.0306701660
2525	333.6394653320
2526	333.6394653320
2527	333.6394653320
2528	333.3041992188
2529	333.3041992188
2530	333.3041992188
2531	333.3041992188
2532	332.7512817383
2533	332.7512817383
2534	332.6802368164
2535	332.6802368164
2536	332.6802368164
2537	332.6802368164
2538	332.6802368164
2539	332.5570983887
2540	332.5513000488
2541	332.2807617188
2542	332.1786804199
2543	332.1509704590
2544	332.1509704590
2545	332.1509704590
2546	332.1509704590
2547	331.8335571289
2548	331.8335571289
2549	331.8335571289
2550	331.6767883301
2551	331.6392211914
2552	331.5844116211
2553	331.5844116211
2554	331.4198303223
2555	331.4198303223
2556	331.4198303223
2557	331.2744140625
2558	331.2744140625
2559	331.0890502930
2560	330.6053161621
2561	330.6053161621
2562	330.5431518555
2563	330.5431518555
2564	330.5431518555
2565	330.3175659180
2566	330.1790161133
2567	330.1717224121
2568	330.1717224121
2569	330.1261901855
2570	329.9839477539
2571	329.9234008789
2572	329.9234008789
2573	329.9234008789
2574	329.8364868164
2575	329.8310546875
2576	329.5996704102
2577	329.0123901367
2578	328.8442993164
2579	328.6861877441
2580	328.6861877441
2581	328.6861877441
2582	328.6856384277
2583	328.6856384277
2584	328.3582458496
2585	328.3582458496
2586	328.3582458496
2587	328.1552734375
2588	328.1552734375
2589	328.0252990723
2590	327.8125000000
2591	327.8125000000
2592	327.8125000000
2593	327.4369812012
2594	327.1423645020
2595	326.8171081543
2596	326.8171081543
2597	326.8171081543
2598	326.8171081543
2599	326.8171081543
2600	326.8171081543
2601	326.8171081543
2602	326.5656738281
2603	326.5656738281
2604	326.4566040039
2605	326.4566040039
2606	326.2587280273
2607	326.2587280273
2608	326.2587280273
2609	326.1695251465
2610	325.8142089844
2611	325.8142089844
2612	325.7084960938
2613	325.6328735352
2614	325.3647155762
2615	325.3647155762
2616	325.3558654785
2617	325.2491149902
2618	324.5082397461
2619	324.5082397461
2620	324.5082397461
2621	324.3704528809
2622	324.3704528809
2623	324.0594177246
2624	323.7826843262
2625	323.7826843262
2626	323.7826843262
2627	323.7826843262
2628	323.6806030273
2629	323.6806030273
2630	323.4457397461
2631	323.4457397461
2632	323.4457397461
2633	323.4457397461
2634	323.2994079590
2635	323.2823486328
2636	322.4179687500
2637	322.4179687500
2638	322.0820922852
2639	321.9480895996
2640	321.6513671875
2641	321.4661254883
2642	321.4661254883
2643	321.4661254883
2644	321.4661254883
2645	321.4661254883
2646	321.4661254883
2647	321.4661254883
2648	321.4661254883
2649	321.0463256836
2650	320.9757080078
2651	320.5635986328
2652	320.5635986328
2653	320.1163940430
2654	320.1163940430
2655	320.1163940430
2656	320.0774536133
2657	320.0774536133
2658	320.0774536133
2659	319.9947509766
2660	319.9947509766
2661	319.4472961426
2662	319.4472961426
2663	318.8302001953
2664	318.8302001953
2665	318.7533874512
2666	318.5182495117
2667	318.5182495117
2668	318.1162414551
2669	318.1162414551
2670	317.9586181641
2671	317.9586181641
2672	317.7296752930
2673	317.7296752930
2674	317.7296752930
2675	317.7296752930
2676	317.5256347656
2677	317.5256347656
2678	317.5232543945
2679	317.4988403320
2680	317.4988403320
2681	316.8293457031
2682	316.8293457031
2683	316.5304565430
2684	316.4672241211
2685	315.9616088867
2686	315.5148620605
2687	315.4673156738
2688	315.4673156738
2689	314.6558227539
2690	314.2755432129
2691	314.2179870605
2692	314.0856933594
2693	314.0856933594
2694	313.8811645508
2695	313.3086853027
2696	313.3086853027
2697	312.6864318848
2698	312.5101928711
2699	312.5101928711
2700	311.6402587891
2701	311.5322265625
2702	311.5322265625
2703	311.5322265625
2704	311.5322265625
2705	311.3763427734
2706	311.3763427734
2707	311.3763427734
2708	311.3763427734
2709	311.3763427734
2710	311.3763427734
2711	311.1328735352
2712	311.0809936523
2713	311.0112609863
2714	311.0112609863
2715	310.9456176758
2716	310.9456176758
2717	310.7048950195
2718	310.7048950195
2719	310.7048950195
2720	310.5914001465
2721	310.5914001465
2722	310.1839904785
2723	310.0388793945
2724	310.0388793945
2725	310.0388793945
2726	310.0052490234
2727	310.0052490234
2728	309.6202697754
2729	309.1054077148
2730	309.1054077148
2731	309.1054077148
2732	309.1054077148
2733	309.1054077148
2734	308.3931579590
2735	308.3931579590
2736	308.3931579590
2737	308.3931579590
2738	308.2538146973
2739	308.2538146973
2740	308.0238952637
2741	307.8609619141
2742	307.6603393555
2743	307.5520324707
2744	307.5520324707
2745	307.1325073242
2746	307.1325073242
2747	306.8552856445
2748	306.8552856445
2749	306.8552856445
2750	306.7988586426
2751	306.7988586426
2752	306.7718811035
2753	306.7619018555
2754	306.6408996582
2755	306.5588989258
2756	306.3560791016
2757	306.3560791016
2758	306.1812744141
2759	306.1812744141
2760	306.1812744141
2761	306.1812744141
2762	305.9525756836
2763	305.9525756836
2764	305.2908935547
2765	305.2908935547
2766	305.2908935547
2767	305.2908935547
2768	305.2908935547
2769	304.7600402832
2770	304.7600402832
2771	304.3249511719
2772	304.2409667969
2773	304.1301269531
2774	304.1301269531
2775	303.7626342773
2776	303.7626342773
2777	303.7626342773
2778	303.7626342773
2779	303.7626342773
2780	303.7626342773
2781	303.7626342773
2782	303.0095825195
2783	302.9039001465
2784	302.6185607910
2785	302.6185607910
2786	302.6185607910
2787	302.6185607910
2788	302.6168518066
2789	302.6168518066
2790	302.5651245117
2791	301.9612731934
2792	301.6459350586
2793	301.6459350586
2794	301.6459350586
2795	301.4084167480
2796	301.4084167480
2797	301.2473144531
2798	300.5554199219
2799	300.4331359863
2800	300.4331359863
2801	300.4331359863
2802	300.4331359863
2803	300.4331359863
2804	300.0899658203
2805	300.0899658203
2806	300.0899658203
2807	300.0899658203
2808	300.0899658203
2809	300.0899658203
2810	300.0899658203
2811	300.0899658203
2812	299.8913574219
2813	299.5547485352
2814	299.5547485352
2815	299.5010375977
2816	299.5010375977
2817	299.4550170898
2818	299.4261169434
2819	299.4261169434
2820	299.4261169434
2821	299.4261169434
2822	299.4032592773
2823	299.4032592773
2824	299.4032592773
2825	299.4032592773
2826	299.4032592773
2827	299.4032592773
2828	299.4032592773
2829	299.4032592773
2830	299.0341491699
2831	298.4797363281
2832	297.9702453613
2833	297.9702453613
2834	297.9702453613
2835	297.9702453613
2836	297.8360900879
2837	297.8360900879
2838	297.8360900879
2839	297.7135009766
2840	297.6442871094
2841	297.6442871094
2842	297.6442871094
2843	297.2863769531
2844	297.1990051270
2845	296.7258605957
2846	296.7258605957
2847	296.7258605957
2848	296.3665161133
2849	296.3665161133
2850	296.1804199219
2851	296.1804199219
2852	296.1804199219
2853	295.9439086914
2854	295.9439086914
2855	295.2443237305
2856	295.2443237305
2857	295.2443237305
2858	295.1111145020
2859	295.0904846191
2860	294.7467651367
2861	294.4695434570
2862	294.3942260742
2863	294.3942260742
2864	294.3942260742
2865	294.2666320801
2866	293.9209594727
2867	293.6990966797
2868	293.6889648438
2869	293.6889648438
2870	293.6889648438
2871	293.6889648438
2872	293.6292114258
2873	293.5697021484
2874	293.5697021484
2875	293.0776062012
2876	292.7816772461
2877	292.7816772461
2878	292.7816772461
2879	292.7816772461
2880	292.7816772461
2881	292.7816772461
2882	292.7385559082
2883	292.7385559082
2884	292.6618347168
2885	292.6618347168
2886	292.4770507812
2887	292.4770507812
2888	291.9577026367
2889	291.9577026367
2890	291.9577026367
2891	291.8193054199
2892	290.8434753418
2893	290.8434753418
2894	290.5896606445
2895	290.3530578613
2896	290.3530578613
2897	290.3530578613
2898	290.3530578613
2899	289.7932739258
2900	289.5308532715
2901	289.5308532715
2902	289.5308532715
2903	289.1383056641
2904	289.1383056641
2905	289.1383056641
2906	288.6855468750
2907	288.5388793945
2908	288.0064086914
2909	287.6801147461
2910	287.3929138184
2911	287.3929138184
2912	287.3929138184
2913	287.2459106445
2914	287.2402954102
2915	287.2402954102
2916	287.0469055176
2917	287.0469055176
2918	287.0469055176
2919	286.6653442383
2920	286.3329467773
2921	286.0599670410
2922	286.0599670410
2923	286.0599670410
2924	285.9239807129
2925	285.8542175293
2926	285.8542175293
2927	285.3589477539
2928	285.3589477539
2929	285.0900268555
2930	284.8013916016
2931	284.7586059570
2932	284.7586059570
2933	284.7586059570
2934	284.4938964844
2935	284.4482116699
2936	284.3116149902
2937	284.1682434082
2938	284.1682434082
2939	284.0023498535
2940	283.7622985840
2941	283.7622985840
2942	283.6498413086
2943	283.6498413086
2944	283.6498413086
2945	283.5044860840
2946	283.4025268555
2947	283.4025268555
2948	283.4025268555
2949	283.4025268555
2950	283.3974609375
2951	283.0610961914
2952	283.0610961914
2953	282.9463500977
2954	282.3869018555
2955	282.2593383789
2956	282.1011657715
2957	282.1011657715
2958	282.1011657715
2959	281.4508972168
2960	281.4508972168
2961	281.4508972168
2962	281.4508972168
2963	281.4020385742
2964	281.0842590332
2965	281.0842590332
2966	280.7687377930
2967	280.5979309082
2968	280.4287719727
2969	279.9786987305
2970	279.9786987305
2971	279.4786682129
2972	279.2181701660
2973	278.9030456543
2974	278.6622924805
2975	278.5657043457
2976	278.5657043457
2977	278.4610595703
2978	278.4610595703
2979	278.2225952148
2980	278.2225952148
2981	277.9638061523
2982	277.5634155273
2983	277.5634155273
2984	277.5634155273
2985	277.5634155273
2986	277.2620239258
2987	276.8630981445
2988	276.8630981445
2989	276.4599914551
2990	276.4599914551
2991	276.4599914551
2992	276.4086303711
2993	276.2334594727
2994	276.2334594727
2995	275.8908081055
2996	275.7139282227
2997	275.7139282227
2998	275.2294921875
2999	275.2294921875
3000	275.1448059082
3001	274.9993286133
3002	274.7667236328
3003	274.7667236328
3004	273.8824462891
3005	273.8824462891
3006	273.8824462891
3007	273.8824462891
3008	273.8047790527
3009	273.8047790527
3010	273.1636962891
3011	272.9255981445
3012	272.9255981445
3013	272.7844543457
3014	272.7612304688
3015	272.2569274902
3016	272.1174621582
3017	272.1174621582
3018	272.1174621582
3019	272.1174621582
3020	272.1048889160
3021	272.1048889160
3022	271.9812927246
3023	271.9812927246
3024	271.9444580078
3025	271.9037170410
3026	271.9037170410
3027	271.5064086914
3028	271.4813537598
3029	271.4813537598
3030	271.4813537598
3031	271.4813537598
3032	271.4813537598
3033	271.3652038574
3034	271.3652038574
3035	271.3652038574
3036	271.3652038574
3037	271.3652038574
3038	270.7101135254
3039	270.7101135254
3040	270.4421386719
3041	270.2079162598
3042	270.2079162598
3043	269.8496704102
3044	269.8496704102
3045	269.5993041992
3046	269.5949401855
3047	269.5612182617
3048	269.5612182617
3049	269.4537963867
3050	269.4537963867
3051	269.1880187988
3052	268.9782714844
3053	268.8803100586
3054	268.4541931152
3055	268.4541931152
3056	268.1378479004
3057	268.1378479004
3058	268.1378479004
3059	268.1378479004
3060	268.1378479004
3061	268.1378479004
3062	268.1378479004
3063	268.1378479004
3064	268.1378479004
3065	267.8335571289
3066	267.8089904785
3067	267.7178344727
3068	267.3692016602
3069	267.2012939453
3070	266.8428649902
3071	266.8428649902
3072	266.5515441895
3073	266.5515441895
3074	266.5515441895
3075	266.2511901855
3076	266.1323242188
3077	265.5443115234
3078	265.5304260254
3079	265.5304260254
3080	265.3232727051
3081	265.3232727051
3082	265.3232727051
3083	265.3232727051
3084	264.9204101562
3085	264.9135742188
3086	264.6783142090
3087	264.6783142090
3088	264.6783142090
3089	264.6783142090
3090	264.6783142090
3091	264.6783142090
3092	264.6604003906
3093	264.5246582031
3094	264.4362487793
3095	264.4362487793
3096	264.4362487793
3097	264.4362487793
3098	264.2068786621
3099	264.0064697266
3100	263.7392883301
3101	263.7256164551
3102	263.7256164551
3103	263.3243103027
3104	263.1534118652
3105	263.1534118652
3106	263.1534118652
3107	263.1534118652
3108	262.8469848633
3109	262.5390625000
3110	262.1732788086
3111	262.1732788086
3112	262.1732788086
3113	262.1732788086
3114	261.8982849121
3115	261.8982849121
3116	261.6505126953
3117	261.6505126953
3118	261.2015686035
3119	261.2015686035
3120	261.2015686035
3121	260.8885192871
3122	260.8885192871
3123	260.4719238281
3124	260.4719238281
3125	260.4719238281
3126	260.3233642578
3127	260.3233642578
3128	260.3233642578
3129	259.7319335938
3130	259.7319335938
3131	259.3624877930
3132	259.2840576172
3133	259.2840576172
3134	259.0113220215
3135	259.0113220215
3136	258.6729431152
3137	258.6026916504
3138	258.3648986816
3139	258.2697448730
3140	258.2697448730
3141	257.9669799805
3142	257.5734863281
3143	257.5083618164
3144	257.5083618164
3145	257.4429016113
3146	257.4389038086
3147	257.2718505859
3148	257.2718505859
3149	257.2718505859
3150	256.9179687500
3151	256.9179687500
3152	256.9179687500
3153	256.9179687500
3154	256.8258361816
3155	256.8258361816
3156	256.8258361816
3157	256.8258361816
3158	256.6240844727
3159	256.6240844727
3160	256.3860473633
3161	256.2591552734
3162	256.1979675293
3163	256.1979675293
3164	256.1979675293
3165	256.1979675293
3166	256.1979675293
3167	255.7268981934
3168	255.3367614746
3169	255.3367614746
3170	255.3367614746
3171	255.3367614746
3172	255.0597381592
3173	254.7547454834
3174	254.7097320557
3175	254.7097320557
3176	254.7097320557
3177	254.7097320557
3178	254.6066741943
3179	254.6066741943
3180	254.6066741943
3181	254.5806732178
3182	254.5806732178
3183	254.5246276855
3184	254.1111907959
3185	254.1111907959
3186	254.1111907959
3187	254.1111907959
3188	253.9253997803
3189	253.7575531006
3190	253.6002960205
3191	253.6002960205
3192	253.2280273438
3193	253.2040100098
3194	253.2040100098
3195	253.2040100098
3196	253.1269836426
3197	253.1269836426
3198	253.1269836426
3199	253.1269836426
3200	253.1269836426
3201	252.8265838623
3202	252.8265838623
3203	252.8265838623
3204	252.7175292969
3205	252.7175292969
3206	252.3633880615
3207	252.3633880615
3208	252.3633880615
3209	252.2220306396
3210	252.1476898193
3211	251.9738311768
3212	251.6142578125
3213	251.6142578125
3214	251.5309906006
3215	251.5309906006
3216	251.5309906006
3217	251.5309906006
3218	251.5309906006
3219	251.5309906006
3220	251.5309906006
3221	251.5309906006
3222	251.5309906006
3223	251.5309906006
3224	251.5309906006
3225	251.5309906006
3226	251.3074035645
3227	251.3074035645
3228	251.3074035645
3229	251.3041076660
3230	251.0241546631
3231	251.0241546631
3232	250.8598480225
3233	250.7677917480
3234	250.7677917480
3235	250.7677917480
3236	250.7385101318
3237	250.7232971191
3238	250.7232971191
3239	250.7232971191
3240	250.7232971191
3241	250.7232971191
3242	250.7232971191
3243	250.3005371094
3244	250.3005371094
3245	250.1589508057
3246	249.9629058838
3247	249.6825256348
3248	249.6825256348
3249	249.6825256348
3250	249.6825256348
3251	249.6825256348
3252	249.6825256348
3253	249.1338958740
3254	248.9452209473
3255	248.9452209473
3256	248.4314727783
3257	248.4314727783
3258	248.3401641846
3259	248.3401641846
3260	248.3401641846
3261	248.3401641846
3262	248.3401641846
3263	248.1154479980
3264	247.5524597168
3265	247.4642028809
3266	247.3556823730
3267	247.3556823730
3268	247.3556823730
3269	247.3556823730
3270	247.3556823730
3271	247.3556823730
3272	247.3556823730
3273	246.8314666748
3274	246.8000640869
3275	246.4019927979
3276	246.4019927979
3277	246.4019927979
3278	246.4019927979
3279	246.4019927979
3280	246.0383453369
3281	245.7949218750
3282	245.7949218750
3283	245.7949218750
3284	245.7949218750
3285	245.7117919922
3286	245.7117919922
3287	245.7117919922
3288	245.7117919922
3289	245.7117919922
3290	245.7117919922
3291	245.3042907715
3292	245.2811126709
3293	245.2192687988
3294	245.2192687988
3295	245.1972656250
3296	245.1972656250
3297	245.1278839111
3298	244.9151153564
3299	244.8388214111
3300	244.8388214111
3301	244.8388214111
3302	244.8250274658
3303	244.3308563232
3304	244.3308563232
3305	244.3308563232
3306	244.3308563232
3307	244.3308563232
3308	244.3308563232
3309	243.9014129639
3310	243.9014129639
3311	243.4051055908
3312	243.4051055908
3313	243.2220458984
3314	243.2220458984
3315	243.1727905273
3316	242.6944427490
3317	242.5970153809
3318	241.7598876953
3319	241.7598876953
3320	241.5639190674
3321	241.5011138916
3322	240.9842834473
3323	240.8073577881
3324	240.5287475586
3325	240.5287475586
3326	240.5287475586
3327	240.2565765381
3328	240.2565765381
3329	240.0409240723
3330	239.9707336426
3331	239.4131164551
3332	239.4131164551
3333	239.4131164551
3334	239.2837524414
3335	239.2837524414
3336	239.2518615723
3337	239.1516265869
3338	239.0079498291
3339	238.5539398193
3340	238.5516357422
3341	238.3447570801
3342	238.2310333252
3343	238.2310333252
3344	238.2228851318
3345	238.2228851318
3346	237.9860382080
3347	237.8820495605
3348	237.8702850342
3349	237.7066345215
3350	237.5962066650
3351	237.5455932617
3352	237.3681030273
3353	237.2334442139
3354	236.9238433838
3355	236.6335296631
3356	236.6335296631
3357	236.5748138428
3358	236.5748138428
3359	236.5748138428
3360	236.2736511230
3361	236.2736511230
3362	236.2736511230
3363	236.2736511230
3364	236.2736511230
3365	236.2736511230
3366	236.2265777588
3367	236.2265777588
3368	236.2265777588
3369	235.9883422852
3370	235.5699768066
3371	235.5699768066
3372	235.5699768066
3373	235.5699768066
3374	235.5699768066
3375	235.5699768066
3376	235.2202453613
3377	235.2096252441
3378	235.1986389160
3379	235.0406341553
3380	234.7617645264
3381	234.7617645264
3382	234.6307678223
3383	234.4185180664
3384	234.4185180664
3385	234.4185180664
3386	234.0561828613
3387	234.0561828613
3388	234.0561828613
3389	233.9633941650
3390	233.3957214355
3391	233.3608856201
3392	233.3432922363
3393	233.0371246338
3394	232.6956634521
3395	232.6956634521
3396	232.6956634521
3397	232.2288360596
3398	232.2288360596
3399	232.1324615479
3400	231.9006652832
3401	231.4293518066
3402	231.4293518066
3403	231.3385162354
3404	231.3385162354
3405	231.1455688477
3406	231.1455688477
3407	231.0249023438
3408	231.0249023438
3409	231.0249023438
3410	230.8521728516
3411	230.8521728516
3412	230.7852783203
3413	230.7852783203
3414	230.7852783203
3415	230.7852783203
3416	230.7852783203
3417	230.7852783203
3418	230.6763458252
3419	230.6094360352
3420	230.4900207520
3421	230.2737884521
3422	230.2737884521
3423	230.2737884521
3424	230.2737884521
3425	230.2737884521
3426	230.1412658691
3427	229.9396514893
3428	229.9396514893
3429	229.6236267090
3430	229.4116516113
3431	229.4116516113
3432	229.4116516113
3433	229.4116516113
3434	229.2411041260
3435	229.1596374512
3436	228.7656707764
3437	228.7656707764
3438	228.6211547852
3439	228.5093231201
3440	228.5093231201
3441	228.5093231201
3442	228.5093231201
3443	228.5093231201
3444	228.5093231201
3445	228.5093231201
3446	228.5093231201
3447	228.5093231201
3448	228.5093231201
3449	228.2713012695
3450	228.0342102051
3451	228.0342102051
3452	228.0342102051
3453	228.0342102051
3454	228.0342102051
3455	227.6069793701
3456	227.3692779541
3457	227.3692779541
3458	227.1771087646
3459	226.8474578857
3460	226.6811828613
3461	226.6811828613
3462	226.6811828613
3463	226.4654693604
3464	225.9447479248
3465	225.4317016602
3466	225.0546875000
3467	224.8797912598
3468	224.3405761719
3469	224.0538635254
3470	224.0538635254
3471	224.0426635742
3472	223.7779083252
3473	223.7779083252
3474	223.7779083252
3475	223.6988525391
3476	223.6988525391
3477	223.6988525391
3478	223.6988525391
3479	223.6988525391
3480	223.6988525391
3481	223.6988525391
3482	223.6263122559
3483	223.2478332520
3484	222.8542633057
3485	222.5808563232
3486	222.4065704346
3487	222.4065704346
3488	222.4065704346
3489	222.4065704346
3490	222.4065704346
3491	222.2804565430
3492	222.2330627441
3493	222.0786437988
3494	222.0786437988
3495	222.0786437988
3496	222.0786437988
3497	221.6601562500
3498	221.6601562500
3499	221.6601562500
3500	221.5343933105
3501	221.5343933105
3502	221.3380889893
3503	221.3380889893
3504	221.1766510010
3505	221.1766510010
3506	221.1766510010
3507	221.1766510010
3508	221.1766510010
3509	220.8856201172
3510	220.6742553711
3511	220.3143768311
3512	220.3143768311
3513	220.3143768311
3514	220.3143768311
3515	220.3143768311
3516	219.9955291748
3517	219.9955291748
3518	219.9955291748
3519	219.6750488281
3520	219.6750488281
3521	219.0950775146
3522	219.0950775146
3523	219.0950775146
3524	218.4855957031
3525	218.0895385742
3526	218.0895385742
3527	217.8832855225
3528	217.8832855225
3529	217.6320800781
3530	217.4512786865
3531	217.4512786865
3532	217.1966552734
3533	217.0777893066
3534	216.7868499756
3535	216.7868499756
3536	216.7868499756
3537	216.7868499756
3538	216.6800689697
3539	216.6800689697
3540	216.6307678223
3541	216.5176391602
3542	216.5176391602
3543	216.5176391602
3544	216.5176391602
3545	216.5176391602
3546	216.5176391602
3547	216.1284179688
3548	216.0778656006
3549	216.0739288330
3550	216.0739288330
3551	215.9268951416
3552	215.3632354736
3553	215.2174072266
3554	215.2174072266
3555	214.7953186035
3556	214.7953186035
3557	214.7953186035
3558	214.7953186035
3559	214.7953186035
3560	214.7953186035
3561	214.7365875244
3562	214.7365875244
3563	214.3266754150
3564	213.6507720947
3565	213.2338104248
3566	212.8030700684
3567	212.8030700684
3568	212.4303894043
3569	212.2193756104
3570	211.9225769043
3571	211.9078521729
3572	211.5918426514
3573	211.4998931885
3574	211.4998931885
3575	211.4998931885
3576	211.4998931885
3577	211.4998931885
3578	211.4998931885
3579	211.4998931885
3580	211.4945831299
3581	211.4945831299
3582	211.4945831299
3583	211.4945831299
3584	211.4945831299
3585	211.3139648438
3586	211.3139648438
3587	211.2635345459
3588	211.2635345459
3589	210.7401885986
3590	210.6219024658
3591	210.5717620850
3592	210.5320434570
3593	210.2753753662
3594	210.2753753662
3595	210.1025085449
3596	209.9478912354
3597	209.9478912354
3598	209.9478912354
3599	209.6743621826
3600	209.4997253418
3601	209.4545898438
3602	209.4027557373
3603	209.2783966064
3604	209.2783966064
3605	209.1258087158
3606	208.9096679688
3607	208.8286437988
3608	208.8286437988
3609	208.8286437988
3610	208.4087982178
3611	208.3421020508
3612	208.3421020508
3613	208.1879577637
3614	208.1879577637
3615	208.1116638184
3616	208.1116638184
3617	208.1074676514
3618	208.0263519287
3619	208.0263519287
3620	207.9652709961
3621	207.6277618408
3622	207.5843048096
3623	207.5843048096
3624	207.5843048096
3625	207.5843048096
3626	207.5843048096
3627	207.5843048096
3628	206.9806976318
3629	206.9140472412
3630	206.8797454834
3631	206.8797454834
3632	206.7220306396
3633	206.7220306396
3634	206.7220306396
3635	206.4960021973
3636	206.4089355469
3637	206.4089355469
3638	206.4089355469
3639	205.9334411621
3640	205.6338806152
3641	205.6338806152
3642	205.6338806152
3643	205.5348052979
3644	205.5348052979
3645	205.5348052979
3646	205.5348052979
3647	205.4227600098
3648	205.4227600098
3649	204.8437347412
3650	204.4365234375
3651	204.0350036621
3652	203.7982482910
3653	203.7982482910
3654	203.7982482910
3655	203.7982482910
3656	203.7982482910
3657	203.7423248291
3658	203.7423248291
3659	203.7423248291
3660	203.7423248291
3661	203.7423248291
3662	203.7423248291
3663	203.7423248291
3664	203.7423248291
3665	203.7423248291
3666	203.6531829834
3667	203.6531829834
3668	203.5209197998
3669	203.1960449219
3670	203.1960449219
3671	203.1960449219
3672	203.1960449219
3673	203.1960449219
3674	202.9323577881
3675	202.9032897949
3676	202.6054534912
3677	202.6054534912
3678	202.6054534912
3679	202.5230255127
3680	202.3736877441
3681	202.3707427979
3682	202.3655090332
3683	202.0984344482
3684	201.8208160400
3685	201.8208160400
3686	201.8208160400
3687	201.8208160400
3688	201.5825042725
3689	201.4535522461
3690	201.3978729248
3691	201.3978729248
3692	201.3978729248
3693	201.0844421387
3694	201.0844421387
3695	200.9866333008
3696	200.8050079346
3697	200.8050079346
3698	200.8050079346
3699	200.8050079346
3700	200.7084960938
3701	200.7084960938
3702	200.7084960938
3703	200.2420196533
3704	200.2420196533
3705	200.2420196533
3706	199.9513702393
